0.00024900
0.00041200
0.00053800
0.00078400
0.00088700
0.00137500
0.00145800
0.00147500
0.00162400
0.00166000
0.00185800
0.00191000
0.00211400
0.00216900
0.00236200
0.00248000
0.00249300
0.00251900
0.00255400
0.00256300
0.00262900
0.00271100
0.00277700
0.00278700
0.00279300
0.00282800
0.00330000
0.00337200
0.00337300
0.00344300
0.00359600
0.00489200
0.00542500
0.00644300
0.00658400
0.00676900
0.00853900
0.00886700
0.00916900
0.00927000
0.00956900
0.01037100
0.01040100
0.01041200
0.01043700
0.01055500
0.01063600
0.01210400
0.01212900
0.01226300
0.01232300
0.01237800
0.01256600
0.01262600
0.01264400
0.01287500
0.01299500
0.01311200
0.01316700
0.01333800
0.01333800
0.01333900
0.01338400
0.01342800
0.01344300
0.01352100
0.01476200
0.01477200
0.01512200
0.01519300
0.01534100
0.01540300
0.01542200
0.01542700
0.01543700
0.01544700
0.01544800
0.01545300
0.01546000
0.01547300
0.01548800
0.01548900
0.01549000
0.01549100
0.01562200
0.01563000
0.01563800
0.01571600
0.01591200
0.01593300
0.01595000
0.01595900
0.01596100
0.01597800
0.01598900
0.01598900
0.01600500
0.01600900
0.01601400
0.01601400
0.01602200
0.01603600
0.01604100
0.01604300
0.01604300
0.01604900
0.01604900
0.01607600
0.01607800
0.01609700
0.01610000
0.01610800
0.01610800
0.01611100
0.01613900
0.01614200
0.01614600
0.01616100
0.01616100
0.01623100
0.01634400
0.01642700
0.01643700
0.01648300
0.01650500
0.01651000
0.01651400
0.01652300
0.01653800
0.01654500
0.01655900
0.01659000
0.01659400
0.01660200
0.01660300
0.01661200
0.01661400
0.01662800
0.01662800
0.01664200
0.01716600
0.01777400
0.01783700
0.01786200
0.01786300
0.01786600
0.01791700
0.01803300
0.01821500
0.01835500
0.01842900
0.01848500
0.01849300
0.01850900
0.01852100
0.01854600
0.01854800
0.01855800
0.01860100
0.01926300
0.01941400
0.01947500
0.01988800
0.01991200
0.01999200
0.02003400
0.02006000
0.02017400
0.02020500
0.02024700
0.02070300
0.02093500
0.02109000
0.02121100
0.02126700
0.02127300
0.02129100
0.02132400
0.02138800
0.02156800
0.02161400
0.02164600
0.02165300
0.02168800
0.02174700
0.02175100
0.02256100
0.02377700
0.02430900
0.02490500
0.02502100
0.02507000
0.02522200
0.02545100
0.02630800
0.02631200
0.02652400
0.02728600
0.02735500
0.02785600
0.02803000
0.02852200
0.02868500
0.02902800
0.02903200
0.02914400
0.02922700
0.02931200
0.02941200
0.02947200
0.02951800
0.02956700
0.02999400
0.02999600
0.03006900
0.03042700
0.03101400
0.03105200
0.03107100
0.03107300
0.03117500
0.03118200
0.03134700
0.03136200
0.03211600
0.03259400
0.03272100
0.03280500
0.03290300
0.03293300
0.03297300
0.03298000
0.03300200
0.03304500
0.03312700
0.03342100
0.03363300
0.03366100
0.03367200
0.03369400
0.03418000
0.03422200
0.03423900
0.03435500
0.03437200
0.03439400
0.03473600
0.03474000
0.03482000
0.03482700
0.03483400
0.03489200
0.03489800
0.03490200
0.03490600
0.03510200
0.03523800
0.03525700
0.03533100
0.03546800
0.03547300
0.03583900
0.03588800
0.03590700
0.03593900
0.03593900
0.03594900
0.03595200
0.03599100
0.03612600
0.03618300
0.03624300
0.03637000
0.03655400
0.03745000
0.03747500
0.03750700
0.03788800
0.03840200
0.03841200
0.03857400
0.03861100
0.03873600
0.03886400
0.03891600
0.03893200
0.03894100
0.03896800
0.03904400
0.03904600
0.03904900
0.03907400
0.03931900
0.03962500
0.04083900
0.04104300
0.04134300
0.04149700
0.04165300
0.04167400
0.04225700
0.04363400
0.04364300
0.04368100
0.04378100
0.04392200
0.04392600
0.04394200
0.04398400
0.04403400
0.04407300
0.04409200
0.04413700
0.04458700
0.04461400
0.04463200
0.04474800
0.04475000
0.04481900
0.04483900
0.04485800
0.04488800
0.04490900
0.04491000
0.04492500
0.04493800
0.04493900
0.04494400
0.04502400
0.04513300
0.04517000
0.04518000
0.04518000
0.04518100
0.04520900
0.04521300
0.04521700
0.04525900
0.04530200
0.04545200
0.04569800
0.04585800
0.04633800
0.04659400
0.04673600
0.04685500
0.04687000
0.04690300
0.04691000
0.04692200
0.04692500
0.04694500
0.04694500
0.04694600
0.04694600
0.04696200
0.04697200
0.04697700
0.04699900
0.04701200
0.04701600
0.04729300
0.04731500
0.04731600
0.04732900
0.04752600
0.04893100
0.04900600
0.04900900
0.04924800
0.05043100
0.05047500
0.05054700
0.05058600
0.05070800
0.05083700
0.05108400
0.05118600
0.05118700
0.05119800
0.05120900
0.05121000
0.05121300
0.05121300
0.05121500
0.05130200
0.05333800
0.05340700
0.05343000
0.05350500
0.05350700
0.05351000
0.05351100
0.05351100
0.05351300
0.05352400
0.05352400
0.05352600
0.05353500
0.05354100
0.05357000
0.05357600
0.05358200
0.05490100
0.05499300
0.05528800
0.05529000
0.05530300
0.05540400
0.05541400
0.05542300
0.05542500
0.05544800
0.05544800
0.05593400
0.05603800
0.05603900
0.05605200
0.05606300
0.05625000
0.05626000
0.05626300
0.05626500
0.05629800
0.05635700
0.05638100
0.05649600
0.05657400
0.05689700
0.05695200
0.05696400
0.05697600
0.05699500
0.05917700
0.05970400
0.05994800
0.06009000
0.06014000
0.06016300
0.06062600
0.06065700
0.06065700
0.06066200
0.06067700
0.06071300
0.06074100
0.06074600
0.06076300
0.06076400
0.06078200
0.06087900
0.06094100
0.06097400
0.06100800
0.06108300
0.06113400
0.06115700
0.06154400
0.06157300
0.06160100
0.06171500
0.06173600
0.06174900
0.06176600
0.06176900
0.06218700
0.06221200
0.06228100
0.06246400
0.06409300
0.06409400
0.06416900
0.06417200
0.06419700
0.06425100
0.06428400
0.06431100
0.06431900
0.06432300
0.06433100
0.06433400
0.06433500
0.06433800
0.06434700
0.06434800
0.06434900
0.06435100
0.06436400
0.06436500
0.06438700
0.06439900
0.06439900
0.06440100
0.06440300
0.06447300
0.06447800
0.06448500
0.06450600
0.06451000
0.06451000
0.06451000
0.06451000
0.06451800
0.06451800
0.06451800
0.06451800
0.06451800
0.06453000
0.06453000
0.06454400
0.06455500
0.06458500
0.06459400
0.06459400
0.06459900
0.06460100
0.06461100
0.06461600
0.06464600
0.06464600
0.06464600
0.06464600
0.06464900
0.06465200
0.06465200
0.06465700
0.06467300
0.06467700
0.06467700
0.06469000
0.06470000
0.06479300
0.06488900
0.06492600
0.06494900
0.06503300
0.06514300
0.06516400
0.06518400
0.06520200
0.06522100
0.06529100
0.06536000
0.06550500
0.06553500
0.06554400
0.06555800
0.06602400
0.06603600
0.06608300
0.06622400
0.06629700
0.06632500
0.06632500
0.06642000
0.06648300
0.06653500
0.06653500
0.06678600
0.06679600
0.06681500
0.06684300
0.06684300
0.06684900
0.06686400
0.06701700
0.06704100
0.06707000
0.06708900
0.06711300
0.06712800
0.06714600
0.06721900
0.06742500
0.06742600
0.06774400
0.06774500
0.06776000
0.06813900
0.06815000
0.06817200
0.06959600
0.07013700
0.07039400
0.07069600
0.07077300
0.07077800
0.07092200
0.07101300
0.07101400
0.07107100
0.07110500
0.07114000
0.07122100
0.07130600
0.07170200
0.07173700
0.07175200
0.07177500
0.07184900
0.07284100
0.07327800
0.07333600
0.07333600
0.07338900
0.07348300
0.07356900
0.07359000
0.07359000
0.07365500
0.07370000
0.07389400
0.07439600
0.07460600
0.07493400
0.07507300
0.07553500
0.07559300
0.07583000
0.07594300
0.07712300
0.07717000
0.07720000
0.07724900
0.07737000
0.07741000
0.07743900
0.07758900
0.07763100
0.07768700
0.07775700
0.07775800
0.07776900
0.07777000
0.07791900
0.07827800
0.07830600
0.07831900
0.07838900
0.07852200
0.07879400
0.07895700
0.07906900
0.07915300
0.07918000
0.07923500
0.07931100
0.07946500
0.07947800
0.07953600
0.07959800
0.07962600
0.07963000
0.07972600
0.08098000
0.08114800
0.08118100
0.08121800
0.08131800
0.08164300
0.08189900
0.08192800
0.08192800
0.08196200
0.08201900
0.08203400
0.08204800
0.08205600
0.08206000
0.08211500
0.08221500
0.08221800
0.08226600
0.08228300
0.08230500
0.08237800
0.08251400
0.08252700
0.08257100
0.08279100
0.08279200
0.08279800
0.08284100
0.08284800
0.08285300
0.08285900
0.08287800
0.08290500
0.08293300
0.08293300
0.08410800
0.08428200
0.08442800
0.08445600
0.08463700
0.08487500
0.08530200
0.08600800
0.08601500
0.08602300
0.08602900
0.08604400
0.08604400
0.08610300
0.08610300
0.08614200
0.08616200
0.08616300
0.08616500
0.08626300
0.08628800
0.08629400
0.08629400
0.08630900
0.08632600
0.08641000
0.08641100
0.08760900
0.08766600
0.08768300
0.08770000
0.08771700
0.08771700
0.08771800
0.08779300
0.08779900
0.08780400
0.08780500
0.08781800
0.08783500
0.08783600
0.08783600
0.08793100
0.08793100
0.08795200
0.08796600
0.08801900
0.08803000
0.08804200
0.08804200
0.08805400
0.08805400
0.08805500
0.08806900
0.08808800
0.08811300
0.08813000
0.08813000
0.08813000
0.08813000
0.08813000
0.08813000
0.08813000
0.08813800
0.08813800
0.08814300
0.08814300
0.08828000
0.08828000
0.08828800
0.08828800
0.08829800
0.08829900
0.08829900
0.08829900
0.08830100
0.08830200
0.08830200
0.08830200
0.08831200
0.08831300
0.08831400
0.08831700
0.08834200
0.08836400
0.08837100
0.08844900
0.08844900
0.08845300
0.08846700
0.08851200
0.08851300
0.08851600
0.08852000
0.08876900
0.08877000
0.08878000
0.08878400
0.08878600
0.08878600
0.08878600
0.08880200
0.08880200
0.08885700
0.08885900
0.08887700
0.08888800
0.08923500
0.09020200
0.09021100
0.09035900
0.09055100
0.09057700
0.09061200
0.09061400
0.09062600
0.09063400
0.09074000
0.09083500
0.09101800
0.09101800
0.09102400
0.09103700
0.09106100
0.09243600
0.09245300
0.09249600
0.09263300
0.09271600
0.09282300
0.09286300
0.09286600
0.09300200
0.09310900
0.09329800
0.09336000
0.09336700
0.09344300
0.09346000
0.09363500
0.09370200
0.09382000
0.09383000
0.09385300
0.09387100
0.09388700
0.09389400
0.09392800
0.09397600
0.09400400
0.09400400
0.09402300
0.09403000
0.09404100
0.09404700
0.09405500
0.09405700
0.09405800
0.09407700
0.09408600
0.09409900
0.09416900
0.09429000
0.09429100
0.09429200
0.09429300
0.09430600
0.09431700
0.09435000
0.09435700
0.09436100
0.09436100
0.09436500
0.09436600
0.09436800
0.09444300
0.09444500
0.09445300
0.09445800
0.09448400
0.09451900
0.09471000
0.09546400
0.09554000
0.09554000
0.09566700
0.09568500
0.09573800
0.09576600
0.09577200
0.09580000
0.09580200
0.09580300
0.09580400
0.09582700
0.09593100
0.09594200
0.09608400
0.09611800
0.09613800
0.09624600
0.09627400
0.09628600
0.09630100
0.09632300
0.09637100
0.09640100
0.09643000
0.09656600
0.09656700
0.09662300
0.09702700
0.09836900
0.09847100
0.09867900
0.09885500
0.09886300
0.09889400
0.09889700
0.09904800
0.09935200
0.09986700
0.10076900
0.10082400
0.10168200
0.10176800
0.10180700
0.10181300
0.10181300
0.10181600
0.10187000
0.10189300
0.10198300
0.10210400
0.10291700
0.10297500
0.10330300
0.10330500
0.10343900
0.10345500
0.10346600
0.10349600
0.10350700
0.10358800
0.10358900
0.10368100
0.10369300
0.10369800
0.10378800
0.10386100
0.10434800
0.10518700
0.10543900
0.10544300
0.10545900
0.10546100
0.10554400
0.10561700
0.10565000
0.10575000
0.10583600
0.10583900
0.10588700
0.10591100
0.10595900
0.10600900
0.10605600
0.10607800
0.10608600
0.10612900
0.10613700
0.10614500
0.10616900
0.10619400
0.10625300
0.10626700
0.10626800
0.10626800
0.10627800
0.10628400
0.10629200
0.10630300
0.10631800
0.10632700
0.10632700
0.10633100
0.10633500
0.10636500
0.10636500
0.10637200
0.10639600
0.10639800
0.10639800
0.10642400
0.10642400
0.10642400
0.10643100
0.10643400
0.10643400
0.10644200
0.10644400
0.10644500
0.10645100
0.10645100
0.10645100
0.10645200
0.10645600
0.10645600
0.10645900
0.10645900
0.10646300
0.10648200
0.10648800
0.10650000
0.10657800
0.10658000
0.10658000
0.10658600
0.10658700
0.10659100
0.10659300
0.10660000
0.10662000
0.10663100
0.10663100
0.10663500
0.10664100
0.10665200
0.10666000
0.10666100
0.10666300
0.10666300
0.10666400
0.10667500
0.10668500
0.10668900
0.10670800
0.10671100
0.10673000
0.10673400
0.10673600
0.10675100
0.10675400
0.10675400
0.10675500
0.10675500
0.10677600
0.10677700
0.10678900
0.10679000
0.10679100
0.10680200
0.10680700
0.10681800
0.10682000
0.10682100
0.10710400
0.10719100
0.10719400
0.10721700
0.10730800
0.10735500
0.10737900
0.10877300
0.10878300
0.10878400
0.10878700
0.10881200
0.10886200
0.10887100
0.10887200
0.10901300
0.10944300
0.10950800
0.10968800
0.10971600
0.10974000
0.10989200
0.10992000
0.11001400
0.11005500
0.11018500
0.11020300
0.11021300
0.11075800
0.11078300
0.11120900
0.11136000
0.11138200
0.11140500
0.11142400
0.11144800
0.11145900
0.11168200
0.11199900
0.11205900
0.11206300
0.11276500
0.11286700
0.11333800
0.11336900
0.11339700
0.11343100
0.11343400
0.11344500
0.11346400
0.11357100
0.11371100
0.11466200
0.11474700
0.11484800
0.11557200
0.11619400
0.11620500
0.11660600
0.11682400
0.11693300
0.11727500
0.11729600
0.11730200
0.11748800
0.11751900
0.11754300
0.11758300
0.11767600
0.11769100
0.11769600
0.11786500
0.11790200
0.11803300
0.11812800
0.11840500
0.11840700
0.11855600
0.11922100
0.11924800
0.11933800
0.11945000
0.11954300
0.11975600
0.11976600
0.11976600
0.11977600
0.11977700
0.11979700
0.11979700
0.11979800
0.11979800
0.11979800
0.11980000
0.11981200
0.11981500
0.11981500
0.11981600
0.11982100
0.11982500
0.11985200
0.12002400
0.12032800
0.12122700
0.12128000
0.12130200
0.12131500
0.12135300
0.12163000
0.12167000
0.12179800
0.12209600
0.12252400
0.12265200
0.12268800
0.12270600
0.12291900
0.12297100
0.12302000
0.12302700
0.12303300
0.12308500
0.12321000
0.12322200
0.12439600
0.12483100
0.12511300
0.12517400
0.12518699
0.12553900
0.12561300
0.12569800
0.12572999
0.12603800
0.12604800
0.12606101
0.12609500
0.12611200
0.12611499
0.12611900
0.12613399
0.12613501
0.12615800
0.12615800
0.12615900
0.12616400
0.12616800
0.12617099
0.12617700
0.12618899
0.12619101
0.12624200
0.12627000
0.12627999
0.12635800
0.12654100
0.12654200
0.12656300
0.12657200
0.12668499
0.12669800
0.12670000
0.12670401
0.12670900
0.12672301
0.12673900
0.12676699
0.12677000
0.12677500
0.12677599
0.12681299
0.12684099
0.12684700
0.12684700
0.12685101
0.12685101
0.12686400
0.12687799
0.12690200
0.12692200
0.12695099
0.12734599
0.12736499
0.12736499
0.12738501
0.12741800
0.12745200
0.12746100
0.12748100
0.12749800
0.12750199
0.12750500
0.12760501
0.12770399
0.12770700
0.12772800
0.12773301
0.12777001
0.12782200
0.12782501
0.12782700
0.12807000
0.12808700
0.12810899
0.12815900
0.12836500
0.12836701
0.12841600
0.12842000
0.12843101
0.12843300
0.12845001
0.12846200
0.12848000
0.12853400
0.12882900
0.12884000
0.12884000
0.12884100
0.12886600
0.12886800
0.12886800
0.12887099
0.12887201
0.12888101
0.12888400
0.12888400
0.12888600
0.12888700
0.12888899
0.12888899
0.12888999
0.12892000
0.12896700
0.12901200
0.12901300
0.12903599
0.12903599
0.12903599
0.12903599
0.12903599
0.12903599
0.12903599
0.12903599
0.12905100
0.12912001
0.12912300
0.12913200
0.12913500
0.12917100
0.12917601
0.12923700
0.12927601
0.12927601
0.12930100
0.12930900
0.12944400
0.12949300
0.12949400
0.12950000
0.12950300
0.12950800
0.12951800
0.12953100
0.12953800
0.12955800
0.12957101
0.12960200
0.12972300
0.12972599
0.12984300
0.12985300
0.12990500
0.12990600
0.12991700
0.12991700
0.12991700
0.13018601
0.13019100
0.13034000
0.13055100
0.13056000
0.13056000
0.13056201
0.13057700
0.13058300
0.13058300
0.13058300
0.13058300
0.13058300
0.13058300
0.13058300
0.13058899
0.13058899
0.13061900
0.13061900
0.13062300
0.13062300
0.13062300
0.13063000
0.13064100
0.13064300
0.13064300
0.13064399
0.13065800
0.13065900
0.13065900
0.13069300
0.13069400
0.13070200
0.13070200
0.13072100
0.13074000
0.13075800
0.13079600
0.13082100
0.13097200
0.13172400
0.13174801
0.13191400
0.13191900
0.13195901
0.13198000
0.13201000
0.13201199
0.13203099
0.13205600
0.13217300
0.13219400
0.13220100
0.13220599
0.13225800
0.13225900
0.13225900
0.13225900
0.13225999
0.13237301
0.13246199
0.13247600
0.13249899
0.13251600
0.13263699
0.13263801
0.13270800
0.13272300
0.13272700
0.13275500
0.13275599
0.13277800
0.13279600
0.13279900
0.13281199
0.13282400
0.13383500
0.13384099
0.13384400
0.13384899
0.13385300
0.13385400
0.13386200
0.13387500
0.13388801
0.13390100
0.13390400
0.13391700
0.13393700
0.13397899
0.13399400
0.13406000
0.13407101
0.13407300
0.13408400
0.13409600
0.13413499
0.13414600
0.13415900
0.13439600
0.13477699
0.13493900
0.13496000
0.13496999
0.13500699
0.13501200
0.13501599
0.13510700
0.13510700
0.13513000
0.13513499
0.13514200
0.13684499
0.13854700
0.13855900
0.13887399
0.13920800
0.13921399
0.13923700
0.13924100
0.13928001
0.13930200
0.13932499
0.13935700
0.13938500
0.13938600
0.13947999
0.13952801
0.13969900
0.14003700
0.14017899
0.14162600
0.14163201
0.14164200
0.14164200
0.14164899
0.14166699
0.14166699
0.14167900
0.14168601
0.14168800
0.14169200
0.14169700
0.14170600
0.14170800
0.14171600
0.14177100
0.14178200
0.14179400
0.14242899
0.14247499
0.14270800
0.14302300
0.14307000
0.14307900
0.14308301
0.14309201
0.14311001
0.14312699
0.14315400
0.14316300
0.14316399
0.14316601
0.14320201
0.14320600
0.14320600
0.14322799
0.14323001
0.14323100
0.14323400
0.14324901
0.14327000
0.14332899
0.14335001
0.14341199
0.14348499
0.14348900
0.14349000
0.14349300
0.14350300
0.14352700
0.14354099
0.14354201
0.14355800
0.14355899
0.14356001
0.14356300
0.14356400
0.14356400
0.14359300
0.14429200
0.14515400
0.14516500
0.14518601
0.14521600
0.14524101
0.14528500
0.14528599
0.14530900
0.14534000
0.14536899
0.14542000
0.14544401
0.14682700
0.14683700
0.14684600
0.14698499
0.14698800
0.14702401
0.14705300
0.14707100
0.14711300
0.14719200
0.14807500
0.14820400
0.14836800
0.14854901
0.14863200
0.14889801
0.14890701
0.14892800
0.14978600
0.14981100
0.15002500
0.15004700
0.15059701
0.15139601
0.15139800
0.15141900
0.15143000
0.15143301
0.15143301
0.15146901
0.15149200
0.15150000
0.15161800
0.15162601
0.15162700
0.15162900
0.15163299
0.15163600
0.15164700
0.15166099
0.15167500
0.15172701
0.15177900
0.15178600
0.15180799
0.15202899
0.15203799
0.15205200
0.15238599
0.15238801
0.15241800
0.15257999
0.15260200
0.15260901
0.15262300
0.15266100
0.15266600
0.15267500
0.15275700
0.15279600
0.15279600
0.15279800
0.15288500
0.15288900
0.15294001
0.15374100
0.15384801
0.15391900
0.15436000
0.15436000
0.15445501
0.15446500
0.15446800
0.15452901
0.15462200
0.15465000
0.15465900
0.15470400
0.15471700
0.15471800
0.15472600
0.15472700
0.15472700
0.15472700
0.15472700
0.15473600
0.15474200
0.15474699
0.15475100
0.15475200
0.15485400
0.15487500
0.15487500
0.15487701
0.15488100
0.15488200
0.15488701
0.15488900
0.15489000
0.15489000
0.15489399
0.15491000
0.15495899
0.15501601
0.15501700
0.15501900
0.15502000
0.15502100
0.15502401
0.15503301
0.15505899
0.15506200
0.15510400
0.15510400
0.15523700
0.15529500
0.15534399
0.15535900
0.15536200
0.15537199
0.15545000
0.15546601
0.15547200
0.15559299
0.15606099
0.15649100
0.15649199
0.15654300
0.15658300
0.15662099
0.15662301
0.15662400
0.15677799
0.15776099
0.15776500
0.15844101
0.15845700
0.15870200
0.15874600
0.15874700
0.15912700
0.15924300
0.15926300
0.15929200
0.15945400
0.15969101
0.15972701
0.15978999
0.15982200
0.15984400
0.15985601
0.15993100
0.16008601
0.16011301
0.16012700
0.16013700
0.16015400
0.16016100
0.16016801
0.16022800
0.16023199
0.16023700
0.16023999
0.16024400
0.16027699
0.16028000
0.16028000
0.16029100
0.16030000
0.16030300
0.16032401
0.16033199
0.16034500
0.16035201
0.16067500
0.16069500
0.16069700
0.16069700
0.16069800
0.16069999
0.16076501
0.16077100
0.16084699
0.16093700
0.16094001
0.16109601
0.16111299
0.16113600
0.16149500
0.16151100
0.16157900
0.16168700
0.16205101
0.16206899
0.16207300
0.16208000
0.16209400
0.16209599
0.16210300
0.16210800
0.16212200
0.16212200
0.16212399
0.16212399
0.16213000
0.16214401
0.16214500
0.16214600
0.16214600
0.16214700
0.16214700
0.16215999
0.16215999
0.16216099
0.16216099
0.16216201
0.16216500
0.16221100
0.16221200
0.16221800
0.16222200
0.16222399
0.16241901
0.16247401
0.16298699
0.16311400
0.16339700
0.16342500
0.16343901
0.16531999
0.16540501
0.16560701
0.16572399
0.16580001
0.16580100
0.16580801
0.16580901
0.16582701
0.16585200
0.16585401
0.16586700
0.16589400
0.16592500
0.16609900
0.16611400
0.16611700
0.16629399
0.16657101
0.16687299
0.16778600
0.16892000
0.16892099
0.16895200
0.16898300
0.16898499
0.16902500
0.16903600
0.16914400
0.16915400
0.16915400
0.16917300
0.16918600
0.16919900
0.16920801
0.16921200
0.16929100
0.16929901
0.16932100
0.16984200
0.16986100
0.16987200
0.16989100
0.16991600
0.16991700
0.16993700
0.16997699
0.16998400
0.16999701
0.17000000
0.17000100
0.17000100
0.17000200
0.17002200
0.17003100
0.17004301
0.17007700
0.17016201
0.17038000
0.17049199
0.17176200
0.17177400
0.17177500
0.17179801
0.17197099
0.17201599
0.17213000
0.17215399
0.17221600
0.17224100
0.17224900
0.17229100
0.17229401
0.17230099
0.17232500
0.17233901
0.17236599
0.17312700
0.17340700
0.17428300
0.17438500
0.17450801
0.17462800
0.17463900
0.17465100
0.17465900
0.17466000
0.17466500
0.17467400
0.17468400
0.17470001
0.17472000
0.17473599
0.17477700
0.17479800
0.17481400
0.17482200
0.17513999
0.17524000
0.17527300
0.17528699
0.17531601
0.17531900
0.17532000
0.17538700
0.17550801
0.17555299
0.17557600
0.17558900
0.17586100
0.17596801
0.17687801
0.17702401
0.17707101
0.17707200
0.17726600
0.17748301
0.17751700
0.17778701
0.17781600
0.17788599
0.17792100
0.17792401
0.17798100
0.17815199
0.17815401
0.17819101
0.17824399
0.17833200
0.17843300
0.17874300
0.17883800
0.17889000
0.17890400
0.17890701
0.17979901
0.17986700
0.17994700
0.17995000
0.18019000
0.18019800
0.18021300
0.18021999
0.18023799
0.18024699
0.18025400
0.18025900
0.18026200
0.18026900
0.18027100
0.18027300
0.18027499
0.18029401
0.18030199
0.18030600
0.18030700
0.18030700
0.18030700
0.18030700
0.18030800
0.18033300
0.18033300
0.18033300
0.18034101
0.18036500
0.18042400
0.18051700
0.18099000
0.18106499
0.18108100
0.18108100
0.18108200
0.18108800
0.18109700
0.18110199
0.18112101
0.18113600
0.18114799
0.18118200
0.18138801
0.18186300
0.18245900
0.18269400
0.18271200
0.18286100
0.18306699
0.18364100
0.18365400
0.18366601
0.18368401
0.18368900
0.18395101
0.18398000
0.18401600
0.18402600
0.18411499
0.18416300
0.18470600
0.18523100
0.18530400
0.18546601
0.18575300
0.18586400
0.18591800
0.18595099
0.18595199
0.18599400
0.18600200
0.18601400
0.18601599
0.18603200
0.18603501
0.18603700
0.18604399
0.18607301
0.18607500
0.18607800
0.18607999
0.18608201
0.18612801
0.18614800
0.18616000
0.18616900
0.18617199
0.18617500
0.18618700
0.18618900
0.18619300
0.18619600
0.18619600
0.18619600
0.18619800
0.18621100
0.18621300
0.18621600
0.18628500
0.18630099
0.18632001
0.18643101
0.18650299
0.18655400
0.18656200
0.18656600
0.18657400
0.18659601
0.18661000
0.18662401
0.18663900
0.18664999
0.18667001
0.18667400
0.18668400
0.18669599
0.18670800
0.18670900
0.18672000
0.18672200
0.18675300
0.18675600
0.18677101
0.18677901
0.18678901
0.18680499
0.18680800
0.18682501
0.18684000
0.18687800
0.18688600
0.18690400
0.18695800
0.18726300
0.18748000
0.18751900
0.18754700
0.18758500
0.18771499
0.18784200
0.18808000
0.18809600
0.18815900
0.18819401
0.18833400
0.18890201
0.18909700
0.18919501
0.18923000
0.18940100
0.18945400
0.18952700
0.18955600
0.18961300
0.18962701
0.18964501
0.18965200
0.18966199
0.18966401
0.18975300
0.18975900
0.18978500
0.18986300
0.18990800
0.19034000
0.19041400
0.19063701
0.19065700
0.19105400
0.19112900
0.19113700
0.19115201
0.19116600
0.19116899
0.19117300
0.19117300
0.19117400
0.19117901
0.19118699
0.19118799
0.19119000
0.19119400
0.19119599
0.19144601
0.19146200
0.19147900
0.19149500
0.19150500
0.19152200
0.19153200
0.19153400
0.19156200
0.19156200
0.19156200
0.19156200
0.19159400
0.19161400
0.19166800
0.19167000
0.19167000
0.19168501
0.19173799
0.19179900
0.19181700
0.19191200
0.19197001
0.19320700
0.19321699
0.19324601
0.19328301
0.19357400
0.19358800
0.19402701
0.19404000
0.19413500
0.19414000
0.19414000
0.19414400
0.19414400
0.19415700
0.19416100
0.19417299
0.19417401
0.19418401
0.19420700
0.19421400
0.19423600
0.19428100
0.19433200
0.19438300
0.19439401
0.19440600
0.19447701
0.19487201
0.19489600
0.19489700
0.19491200
0.19491200
0.19491300
0.19499201
0.19507000
0.19648799
0.19654199
0.19654299
0.19656099
0.19657201
0.19657400
0.19657500
0.19658101
0.19658101
0.19764100
0.19782400
0.19784801
0.19785400
0.19786499
0.19791999
0.19844000
0.19844200
0.19868501
0.19900000
0.19903401
0.19905600
0.19909200
0.19909300
0.19909900
0.19911200
0.19912000
0.19912700
0.19912900
0.19913600
0.19913800
0.19914100
0.19915400
0.19918101
0.19922100
0.19926199
0.19926800
0.19927500
0.19927800
0.19928500
0.19931500
0.19934800
0.19936000
0.19938600
0.19938700
0.19938900
0.19938999
0.19939300
0.19939300
0.19939800
0.19939800
0.19941100
0.19942901
0.19948000
0.19948800
0.19949199
0.19949500
0.19956200
0.19964200
0.19965300
0.19966000
0.19970299
0.19970800
0.19970800
0.19972000
0.19976400
0.19977500
0.19978000
0.19978300
0.19979300
0.19980501
0.19982500
0.19983099
0.19984800
0.19984800
0.19990399
0.20002501
0.20007400
0.20080900
0.20083800
0.20083800
0.20084199
0.20084301
0.20084900
0.20085000
0.20085099
0.20094700
0.20096201
0.20097300
0.20155300
0.20162299
0.20162500
0.20162600
0.20162800
0.20162900
0.20162900
0.20163199
0.20163301
0.20163400
0.20163900
0.20164099
0.20164900
0.20165201
0.20166700
0.20167200
0.20167200
0.20167200
0.20167200
0.20167200
0.20167200
0.20167200
0.20167300
0.20170000
0.20175800
0.20176300
0.20176400
0.20176999
0.20182700
0.20204000
0.20209600
0.20209999
0.20213000
0.20214200
0.20224001
0.20271599
0.20271800
0.20273501
0.20278800
0.20279200
0.20293000
0.20395701
0.20408800
0.20414700
0.20427500
0.20427901
0.20455800
0.20456000
0.20456401
0.20458999
0.20459799
0.20462400
0.20462701
0.20464499
0.20464499
0.20465800
0.20466800
0.20467900
0.20467900
0.20468201
0.20470899
0.20474300
0.20476100
0.20476800
0.20478199
0.20481400
0.20487900
0.20500900
0.20503201
0.20510000
0.20536500
0.20542300
0.20542300
0.20542400
0.20542599
0.20543399
0.20546401
0.20600501
0.20602900
0.20628300
0.20635100
0.20687801
0.20705600
0.20758900
0.20762900
0.20764600
0.20767801
0.20767900
0.20768000
0.20768100
0.20769399
0.20772500
0.20775600
0.20776901
0.20776901
0.20777200
0.20777300
0.20779200
0.20783900
0.20784201
0.20789801
0.20797899
0.20798200
0.20799901
0.20802200
0.20861199
0.20861501
0.20863000
0.20864600
0.20864899
0.20867500
0.20871399
0.20874800
0.20878500
0.20883100
0.20892200
0.20892900
0.20892900
0.20894700
0.20894700
0.20907500
0.20911001
0.20912100
0.20917700
0.20917700
0.20957799
0.20993200
0.20993599
0.21021500
0.21064900
0.21088900
0.21090800
0.21091899
0.21091899
0.21096499
0.21097501
0.21099301
0.21100800
0.21100800
0.21100900
0.21101500
0.21101700
0.21101899
0.21129100
0.21158899
0.21169500
0.21213301
0.21259101
0.21267200
0.21273001
0.21273699
0.21274400
0.21279401
0.21281600
0.21292201
0.21292600
0.21292700
0.21293600
0.21293600
0.21295901
0.21296300
0.21299000
0.21299800
0.21299800
0.21300600
0.21306901
0.21310000
0.21318200
0.21335100
0.21346700
0.21370199
0.21375000
0.21378399
0.21383800
0.21388200
0.21388200
0.21388200
0.21388300
0.21388300
0.21388400
0.21388599
0.21388900
0.21389399
0.21389700
0.21389800
0.21389800
0.21389900
0.21391700
0.21391700
0.21392800
0.21394899
0.21394999
0.21395600
0.21396101
0.21413501
0.21414800
0.21420600
0.21421400
0.21423601
0.21425800
0.21427999
0.21428300
0.21430500
0.21435300
0.21438000
0.21444200
0.21444200
0.21446100
0.21446700
0.21446700
0.21446700
0.21448401
0.21450201
0.21451101
0.21453100
0.21578200
0.21587400
0.21589001
0.21589001
0.21589801
0.21591300
0.21594700
0.21595600
0.21596999
0.21599600
0.21599901
0.21601801
0.21602599
0.21618401
0.21655500
0.21657801
0.21669801
0.21692200
0.21692300
0.21716499
0.21792200
0.21793699
0.21794400
0.21801400
0.21815300
0.21831900
0.21834800
0.21848799
0.21855301
0.21855500
0.21869400
0.21891400
0.21908200
0.21911900
0.21955600
0.21958800
0.21959201
0.21962599
0.21963100
0.21964900
0.21965399
0.21968900
0.21972600
0.22003300
0.22048000
0.22048099
0.22050300
0.22051699
0.22062400
0.22069800
0.22071899
0.22075200
0.22082099
0.22085200
0.22087599
0.22094800
0.22100499
0.22335500
0.22359399
0.22403200
0.22404100
0.22404900
0.22404900
0.22405399
0.22405399
0.22405399
0.22408199
0.22409700
0.22425200
0.22430301
0.22430301
0.22434500
0.22447100
0.22463500
0.22478200
0.22478700
0.22489500
0.22497500
0.22506900
0.22509301
0.22524600
0.22525699
0.22527499
0.22547001
0.22643600
0.22654399
0.22662300
0.22664200
0.22664499
0.22664499
0.22664800
0.22665000
0.22665100
0.22665501
0.22674900
0.22683400
0.22685400
0.22687800
0.22716500
0.22717801
0.22719300
0.22723500
0.22725400
0.22725900
0.22726899
0.22726899
0.22826000
0.22857600
0.22864901
0.22865801
0.22867200
0.22867300
0.22867300
0.22867800
0.22871000
0.22871500
0.22871700
0.22872400
0.22877800
0.22882800
0.22893500
0.22930500
0.22931901
0.22932100
0.22932300
0.22933200
0.22934800
0.22935800
0.22935800
0.22944200
0.22945701
0.22984301
0.22984700
0.22985201
0.22995500
0.23004600
0.23013400
0.23013701
0.23112600
0.23137000
0.23205000
0.23206800
0.23213001
0.23216800
0.23219900
0.23221999
0.23223500
0.23225100
0.23227400
0.23239100
0.23242800
0.23250800
0.23355900
0.23356600
0.23363900
0.23448300
0.23454399
0.23459999
0.23464900
0.23469099
0.23482300
0.23482700
0.23499900
0.23503301
0.23503800
0.23552100
0.23622300
0.23640500
0.23651700
0.23660900
0.23661800
0.23661800
0.23665600
0.23771600
0.23785800
0.23807301
0.23829500
0.23829600
0.23857100
0.23870499
0.23873401
0.23876500
0.23878500
0.23878700
0.23878799
0.23880900
0.23881000
0.23887700
0.23887999
0.23888101
0.23891000
0.24013101
0.24086601
0.24086800
0.24088500
0.24091600
0.24092300
0.24092300
0.24092400
0.24096701
0.24103799
0.24166299
0.24172600
0.24255300
0.24303800
0.24304000
0.24304000
0.24304099
0.24304099
0.24304201
0.24304201
0.24305999
0.24306500
0.24306600
0.24311100
0.24312000
0.24313200
0.24313501
0.24314301
0.24315301
0.24315301
0.24315900
0.24316500
0.24317400
0.24318600
0.24318700
0.24318799
0.24338000
0.24342100
0.24354400
0.24406600
0.24411801
0.24416500
0.24423900
0.24424100
0.24425000
0.24428500
0.24430101
0.24430799
0.24432699
0.24433400
0.24596500
0.24600799
0.24602000
0.24605800
0.24607500
0.24608900
0.24618700
0.24619099
0.24620900
0.24628100
0.24634901
0.24644201
0.24711800
0.24714600
0.24716200
0.24717000
0.24725901
0.24728200
0.24732800
0.24733099
0.24736500
0.24738300
0.24738400
0.24740800
0.24791200
0.24805699
0.24886200
0.24886200
0.24888200
0.24888299
0.24941400
0.24994300
0.25081599
0.25082099
0.25082701
0.25083399
0.25118399
0.25200200
0.25200701
0.25202900
0.25206801
0.25208199
0.25209701
0.25211999
0.25213900
0.25213999
0.25215000
0.25219300
0.25223801
0.25223899
0.25224200
0.25228700
0.25235501
0.25236601
0.25240999
0.25370100
0.25395101
0.25395799
0.25399199
0.25399601
0.25400400
0.25403100
0.25411999
0.25414199
0.25414500
0.25417301
0.25419000
0.25425401
0.25433400
0.25433499
0.25439101
0.25440201
0.25440601
0.25440899
0.25481099
0.25610200
0.25625300
0.25625399
0.25642800
0.25643399
0.25646201
0.25647399
0.25647900
0.25648201
0.25654000
0.25655299
0.25656101
0.25657699
0.25657699
0.25657800
0.25658000
0.25658801
0.25663000
0.25688401
0.25706401
0.25765401
0.25767300
0.25772199
0.25773799
0.25773799
0.25775301
0.25777900
0.25778100
0.25789601
0.25822699
0.25823900
0.25836200
0.25842601
0.25845000
0.25854099
0.25857201
0.25867000
0.25867000
0.25867900
0.25872800
0.25872901
0.25875100
0.25878799
0.25880301
0.25881499
0.25882101
0.25888699
0.25891599
0.25891700
0.25892299
0.25892299
0.25892600
0.25900301
0.25937000
0.25941601
0.25949299
0.25994200
0.26009300
0.26041701
0.26097801
0.26099801
0.26100501
0.26101801
0.26102799
0.26103699
0.26103801
0.26104501
0.26107201
0.26110199
0.26110300
0.26111600
0.26111799
0.26112601
0.26114601
0.26116401
0.26116899
0.26117000
0.26160401
0.26195401
0.26204300
0.26284301
0.26284701
0.26301900
0.26303101
0.26318699
0.26319200
0.26320001
0.26324600
0.26327500
0.26327699
0.26328099
0.26330701
0.26335999
0.26337299
0.26371101
0.26385099
0.26388001
0.26389000
0.26391700
0.26391801
0.26393300
0.26429299
0.26448601
0.26471499
0.26472899
0.26473200
0.26473600
0.26627699
0.26665899
0.26666200
0.26666301
0.26666400
0.26666501
0.26666600
0.26666600
0.26668799
0.26669100
0.26671001
0.26675200
0.26676500
0.26683900
0.26685500
0.26686099
0.26688701
0.26689199
0.26693699
0.26694000
0.26742399
0.26785800
0.26787701
0.26790500
0.26792601
0.26792699
0.26795599
0.26796100
0.26796100
0.26796800
0.26797301
0.26797801
0.26798299
0.26806399
0.26808101
0.26810300
0.26811200
0.26811400
0.26812100
0.26816201
0.26816499
0.26816499
0.26816499
0.26817501
0.26818100
0.26818100
0.26818100
0.26819199
0.26819199
0.26820901
0.26825801
0.26826599
0.26827499
0.26833501
0.26882601
0.26888701
0.26897299
0.26897901
0.26898599
0.26898700
0.26900199
0.26900500
0.26900601
0.26900700
0.26920101
0.26922399
0.26922500
0.26922500
0.26929399
0.27126801
0.27126899
0.27130300
0.27130499
0.27131101
0.27132100
0.27132899
0.27134100
0.27134100
0.27135199
0.27135199
0.27135199
0.27135199
0.27135199
0.27135199
0.27136299
0.27137399
0.27138799
0.27138999
0.27139300
0.27139500
0.27142000
0.27142200
0.27142301
0.27144799
0.27147400
0.27148199
0.27149200
0.27160299
0.27162701
0.27163500
0.27163500
0.27167299
0.27176201
0.27189499
0.27216101
0.27220199
0.27221799
0.27227801
0.27234301
0.27236900
0.27237099
0.27292499
0.27317500
0.27336299
0.27345100
0.27351999
0.27352500
0.27353600
0.27354100
0.27354199
0.27358001
0.27361599
0.27364099
0.27366599
0.27366799
0.27366900
0.27372000
0.27372399
0.27374899
0.27375299
0.27375501
0.27375501
0.27376801
0.27378500
0.27378601
0.27379200
0.27379301
0.27380499
0.27382100
0.27382100
0.27383599
0.27383900
0.27384001
0.27385399
0.27386400
0.27387500
0.27387801
0.27388099
0.27388400
0.27388501
0.27389300
0.27390701
0.27446699
0.27449599
0.27454099
0.27455801
0.27456599
0.27456999
0.27457899
0.27458701
0.27460000
0.27461901
0.27463099
0.27465701
0.27470499
0.27503699
0.27534300
0.27535200
0.27537900
0.27538899
0.27539000
0.27541101
0.27616900
0.27675200
0.27724001
0.27726099
0.27798301
0.27809301
0.27826899
0.27837199
0.27851799
0.27867299
0.27868000
0.27869400
0.27869600
0.27869701
0.27883899
0.27891499
0.27893299
0.27893299
0.27893400
0.27893400
0.27894300
0.27894399
0.27894500
0.27895501
0.27896601
0.27896699
0.27896801
0.27896801
0.27897000
0.27897301
0.27897701
0.27897799
0.27897799
0.27923200
0.27942401
0.27942801
0.27968201
0.27968299
0.27968401
0.27968499
0.27987000
0.27987099
0.27992401
0.27992901
0.27997500
0.28017700
0.28053200
0.28053999
0.28055000
0.28058901
0.28060299
0.28097701
0.28106201
0.28136501
0.28148401
0.28185400
0.28215399
0.28244501
0.28256500
0.28319499
0.28328100
0.28333700
0.28335601
0.28344199
0.28349200
0.28349900
0.28350499
0.28351501
0.28358501
0.28359100
0.28369400
0.28391001
0.28443301
0.28446001
0.28473699
0.28474501
0.28485399
0.28488699
0.28496501
0.28535500
0.28543001
0.28543699
0.28545401
0.28545401
0.28547600
0.28606600
0.28622299
0.28625399
0.28629100
0.28635001
0.28636101
0.28638101
0.28639999
0.28640199
0.28641701
0.28642201
0.28644601
0.28648299
0.28660801
0.28707400
0.28710699
0.28799900
0.28821599
0.28854400
0.28854600
0.28889900
0.28889999
0.28890899
0.28893799
0.28894201
0.28895000
0.28895101
0.28895199
0.28905600
0.28907001
0.28917101
0.28917301
0.28917399
0.28917399
0.28917599
0.28918701
0.28924200
0.28946099
0.28946301
0.28966099
0.28975001
0.28975201
0.28985101
0.29012501
0.29012501
0.29012701
0.29014400
0.29014701
0.29016399
0.29028001
0.29033500
0.29049900
0.29051200
0.29051301
0.29051501
0.29054600
0.29055500
0.29065499
0.29067099
0.29067200
0.29069901
0.29070199
0.29071099
0.29071799
0.29078400
0.29078701
0.29079500
0.29082000
0.29094699
0.29130200
0.29152700
0.29173699
0.29197499
0.29200101
0.29200301
0.29200301
0.29201099
0.29201701
0.29203001
0.29213199
0.29213399
0.29297000
0.29317501
0.29317701
0.29321301
0.29335099
0.29341999
0.29343000
0.29347801
0.29352000
0.29356200
0.29367900
0.29368100
0.29368299
0.29369301
0.29369801
0.29373199
0.29373300
0.29374099
0.29374999
0.29380101
0.29381299
0.29384601
0.29395601
0.29419100
0.29451099
0.29451200
0.29452699
0.29455400
0.29456601
0.29456699
0.29458201
0.29458201
0.29467300
0.29467401
0.29469901
0.29470101
0.29475400
0.29475600
0.29476401
0.29476401
0.29477200
0.29477400
0.29477599
0.29479700
0.29479799
0.29480499
0.29480699
0.29481900
0.29486299
0.29488799
0.29490501
0.29494601
0.29495600
0.29495800
0.29497901
0.29507700
0.29516599
0.29563400
0.29679000
0.29684299
0.29722199
0.29773700
0.29776201
0.29776800
0.29776901
0.29777101
0.29778400
0.29779699
0.29917401
0.29919699
0.29923001
0.29925200
0.29925299
0.29927900
0.29928100
0.29928601
0.29932299
0.29934201
0.29934400
0.29937401
0.29938000
0.29938099
0.29938799
0.29938999
0.29939201
0.29939401
0.29940301
0.29940599
0.29941201
0.29941300
0.29944399
0.29945600
0.29945901
0.29945999
0.29947001
0.29947299
0.29947501
0.29947799
0.29974601
0.29981199
0.29982400
0.29982400
0.29983601
0.29983699
0.29994300
0.29994699
0.29994801
0.29995900
0.29996100
0.30002800
0.30048001
0.30048099
0.30048701
0.30055201
0.30111000
0.30117100
0.30165601
0.30169901
0.30170801
0.30171001
0.30173099
0.30182800
0.30204499
0.30205801
0.30209300
0.30223799
0.30227599
0.30227801
0.30233699
0.30234200
0.30247200
0.30265999
0.30266801
0.30268601
0.30354300
0.30383301
0.30404299
0.30406100
0.30410299
0.30410999
0.30431300
0.30431399
0.30437499
0.30448499
0.30455601
0.30457801
0.30461299
0.30461499
0.30462199
0.30463099
0.30463800
0.30466101
0.30466601
0.30466899
0.30467099
0.30467200
0.30467200
0.30467901
0.30471599
0.30472800
0.30472800
0.30473301
0.30477199
0.30477199
0.30477601
0.30477601
0.30478400
0.30478400
0.30478400
0.30478400
0.30478400
0.30478400
0.30478901
0.30478901
0.30478999
0.30478999
0.30479500
0.30479601
0.30480400
0.30480400
0.30480501
0.30480999
0.30563501
0.30702400
0.30702901
0.30702901
0.30706200
0.30712599
0.30713701
0.30715299
0.30715299
0.30715299
0.30717000
0.30728900
0.30768701
0.30771300
0.30777600
0.30780399
0.30780599
0.30888900
0.30895501
0.30896500
0.30896500
0.30899000
0.30899501
0.30913001
0.31020701
0.31026399
0.31028500
0.31042299
0.31140700
0.31147501
0.31150800
0.31153300
0.31155100
0.31157699
0.31158200
0.31158799
0.31159401
0.31161201
0.31181201
0.31181601
0.31183600
0.31188101
0.31219101
0.31220001
0.31228900
0.31231099
0.31231201
0.31231299
0.31237900
0.31240001
0.31241599
0.31241599
0.31242800
0.31243500
0.31250301
0.31251901
0.31253299
0.31253400
0.31254101
0.31440899
0.31451201
0.31451699
0.31457400
0.31458601
0.31460300
0.31494600
0.31506300
0.31536701
0.31575099
0.31597999
0.31599000
0.31623101
0.31629899
0.31643099
0.31647399
0.31648701
0.31651899
0.31702599
0.31726399
0.31732500
0.31735501
0.31737301
0.31743899
0.31749400
0.31750199
0.31759101
0.31759200
0.31759399
0.31759599
0.31761900
0.31784999
0.31785601
0.31786299
0.31808901
0.31835100
0.31835899
0.31839499
0.31840399
0.31840801
0.31843600
0.31846499
0.31846499
0.31852901
0.31855100
0.31899801
0.31963301
0.31966200
0.31968001
0.31979600
0.31982699
0.31982699
0.31987399
0.32000101
0.32004499
0.32004499
0.32005399
0.32006100
0.32006100
0.32006499
0.32006699
0.32006699
0.32012501
0.32014999
0.32031500
0.32075599
0.32081699
0.32081801
0.32083800
0.32116300
0.32133299
0.32177001
0.32185701
0.32190400
0.32192600
0.32197699
0.32344800
0.32579699
0.32585901
0.32591501
0.32599899
0.32602099
0.32607400
0.32611099
0.32611299
0.32614899
0.32631701
0.32632399
0.32632399
0.32633200
0.32634401
0.32634601
0.32634699
0.32635701
0.32635701
0.32639500
0.32659799
0.32695800
0.32727700
0.32728899
0.32729200
0.32734001
0.32759601
0.32783100
0.32783100
0.32783899
0.32786900
0.32786900
0.32788801
0.32792601
0.32793701
0.32829201
0.32865399
0.32865399
0.32866901
0.32867000
0.32874399
0.32888001
0.32889801
0.32898501
0.32910600
0.32910699
0.32912299
0.32913300
0.32915199
0.32915199
0.32915699
0.32916200
0.32916200
0.32916799
0.32922301
0.32924601
0.32943401
0.32954201
0.32965699
0.32975900
0.32982701
0.32983300
0.32985300
0.32985401
0.32990301
0.32990700
0.32990700
0.32990700
0.32991800
0.32991800
0.32991901
0.32993099
0.32993999
0.32994601
0.33001700
0.33078200
0.33080101
0.33085099
0.33101001
0.33107701
0.33108500
0.33109200
0.33124900
0.33130500
0.33131999
0.33133200
0.33140501
0.33144701
0.33144701
0.33146599
0.33146799
0.33146900
0.33154100
0.33191201
0.33238199
0.33253899
0.33258700
0.33292201
0.33292601
0.33293399
0.33302999
0.33309600
0.33312899
0.33313200
0.33317101
0.33334801
0.33353499
0.33353499
0.33353600
0.33355001
0.33363599
0.33377099
0.33382100
0.33382300
0.33389100
0.33392799
0.33393300
0.33490801
0.33509001
0.33509499
0.33511999
0.33513701
0.33515599
0.33523199
0.33543500
0.33546400
0.33570200
0.33591101
0.33617601
0.33684400
0.33693400
0.33704299
0.33704400
0.33705601
0.33706301
0.33708799
0.33709300
0.33710000
0.33765900
0.33766201
0.33766401
0.33777401
0.33777499
0.33778700
0.33926600
0.33927101
0.33975601
0.33981001
0.33981100
0.33984599
0.33996701
0.34138501
0.34138700
0.34142199
0.34143600
0.34144601
0.34144601
0.34147701
0.34147799
0.34156799
0.34179199
0.34184399
0.34193301
0.34193400
0.34193501
0.34197000
0.34197500
0.34204999
0.34204999
0.34209400
0.34210500
0.34292600
0.34296000
0.34303299
0.34305900
0.34307399
0.34479001
0.34494701
0.34496000
0.34498900
0.34500799
0.34500799
0.34509000
0.34510100
0.34514901
0.34516099
0.34596899
0.34670600
0.34672600
0.34673101
0.34674901
0.34697101
0.34698901
0.34698999
0.34699401
0.34725001
0.34730300
0.34732401
0.34736899
0.34805101
0.34817001
0.34818599
0.34825701
0.34826100
0.34827399
0.34827399
0.34828499
0.34836501
0.34844100
0.34845600
0.34851500
0.34851900
0.34852001
0.34852001
0.34852001
0.34853601
0.34854501
0.34854901
0.34855601
0.34856299
0.34856400
0.34857500
0.34862199
0.34862900
0.34866199
0.34866399
0.34933001
0.34943101
0.34954801
0.34955800
0.34956199
0.34968400
0.34988999
0.35005501
0.35048401
0.35093901
0.35159400
0.35161099
0.35165501
0.35170200
0.35171500
0.35171601
0.35176301
0.35184401
0.35184401
0.35188001
0.35192999
0.35193199
0.35196301
0.35205001
0.35205400
0.35205799
0.35206100
0.35306400
0.35312301
0.35321900
0.35325000
0.35327500
0.35328001
0.35333300
0.35336900
0.35340500
0.35467499
0.35468099
0.35468099
0.35476699
0.35487300
0.35488901
0.35489199
0.35492599
0.35498199
0.35543400
0.35598600
0.35720000
0.35720000
0.35720599
0.35720599
0.35720700
0.35775399
0.35775599
0.35837501
0.35840601
0.35844100
0.35844699
0.35846901
0.35847801
0.35850900
0.35861501
0.35865501
0.35866600
0.35873100
0.35873300
0.35880899
0.35884500
0.35889301
0.35890099
0.35890901
0.35891899
0.35892001
0.35900801
0.35924500
0.35926300
0.35946599
0.35970500
0.35975099
0.35975200
0.35975200
0.35975400
0.35975400
0.35975501
0.35980701
0.35984400
0.36000901
0.36027801
0.36029300
0.36029899
0.36030301
0.36032000
0.36041901
0.36042500
0.36042899
0.36043200
0.36043701
0.36044201
0.36058199
0.36059499
0.36065400
0.36068901
0.36073700
0.36258101
0.36258999
0.36260399
0.36261600
0.36262399
0.36378801
0.36397800
0.36398700
0.36404401
0.36404699
0.36424601
0.36424699
0.36425501
0.36431599
0.36455199
0.36455300
0.36458099
0.36458200
0.36458501
0.36461699
0.36463499
0.36463699
0.36468500
0.36469799
0.36473599
0.36642599
0.36643001
0.36644101
0.36645201
0.36646000
0.36649001
0.36649999
0.36650699
0.36650801
0.36651400
0.36651599
0.36651701
0.36652601
0.36652899
0.36653900
0.36654499
0.36658499
0.36658600
0.36658701
0.36659899
0.36660501
0.36660600
0.36660600
0.36660799
0.36661100
0.36663499
0.36663499
0.36663601
0.36663601
0.36663601
0.36665100
0.36677399
0.36678600
0.36680099
0.36699101
0.36702400
0.36710900
0.36711001
0.36716899
0.36717200
0.36720499
0.36720800
0.36729899
0.36732301
0.36732399
0.36800501
0.36806700
0.36809400
0.36821699
0.36824501
0.36891899
0.36894399
0.36895901
0.36910200
0.36913300
0.36913499
0.36914000
0.36917499
0.36921600
0.36928001
0.36948800
0.36961100
0.36963800
0.36963901
0.36967999
0.36989000
0.37022400
0.37180501
0.37183401
0.37187299
0.37192300
0.37195501
0.37196001
0.37202400
0.37208700
0.37212101
0.37244600
0.37266701
0.37285200
0.37287199
0.37290499
0.37339300
0.37407699
0.37427500
0.37538999
0.37539399
0.37539801
0.37599400
0.37658000
0.37711000
0.37711400
0.37711599
0.37712699
0.37712699
0.37715101
0.37715101
0.37715101
0.37715900
0.37717599
0.37717700
0.37843099
0.37844199
0.37844199
0.37844199
0.37844700
0.37859499
0.37867501
0.37869999
0.37874100
0.37875599
0.37876001
0.37876400
0.37878600
0.37881300
0.37881899
0.37882799
0.37884399
0.37884399
0.37893099
0.37893501
0.37895301
0.37895301
0.37898201
0.37911299
0.37914401
0.37914601
0.37914601
0.37914601
0.37914601
0.37915200
0.37915400
0.37915400
0.37915799
0.37918499
0.37919700
0.37923700
0.37923700
0.37924299
0.37924600
0.37924600
0.37924799
0.37924799
0.37926301
0.37952301
0.37993899
0.37995201
0.37995201
0.37996799
0.37998101
0.37998199
0.38001499
0.38001499
0.38001600
0.38028300
0.38041601
0.38043001
0.38043100
0.38044199
0.38047600
0.38058001
0.38058901
0.38059500
0.38059700
0.38059700
0.38069400
0.38069600
0.38069800
0.38073501
0.38073501
0.38074201
0.38081300
0.38084000
0.38084301
0.38086799
0.38088599
0.38088900
0.38093099
0.38097799
0.38097900
0.38098001
0.38098100
0.38098300
0.38101399
0.38398001
0.38398200
0.38399601
0.38400999
0.38403001
0.38405499
0.38407400
0.38408700
0.38409901
0.38411099
0.38411799
0.38412300
0.38412699
0.38413799
0.38417700
0.38418701
0.38426101
0.38431299
0.38433200
0.38433200
0.38433200
0.38435099
0.38435400
0.38438201
0.38458401
0.38461500
0.38474801
0.38484800
0.38522300
0.38556200
0.38561800
0.38716799
0.38721901
0.38725099
0.38816401
0.38823000
0.38823000
0.38823000
0.38825601
0.38829800
0.38831100
0.38840801
0.38937700
0.38988999
0.38998801
0.39003900
0.39012101
0.39013901
0.39014199
0.39014199
0.39014399
0.39015600
0.39015701
0.39017600
0.39018101
0.39018899
0.39019299
0.39021900
0.39021900
0.39040700
0.39057100
0.39061701
0.39062500
0.39062500
0.39069101
0.39083201
0.39085600
0.39085799
0.39089999
0.39091200
0.39091301
0.39095899
0.39102200
0.39104101
0.39106801
0.39119801
0.39120200
0.39120200
0.39120501
0.39126500
0.39130700
0.39130801
0.39131701
0.39133900
0.39136899
0.39197001
0.39200601
0.39208299
0.39210901
0.39211699
0.39214000
0.39215299
0.39216599
0.39217001
0.39270899
0.39271101
0.39271200
0.39335099
0.39339399
0.39340201
0.39346400
0.39347500
0.39349100
0.39350799
0.39353001
0.39354199
0.39354900
0.39355099
0.39355999
0.39357999
0.39459100
0.39461499
0.39466500
0.39468899
0.39469001
0.39469099
0.39469200
0.39469299
0.39470601
0.39475900
0.39476201
0.39513201
0.39514199
0.39514300
0.39514601
0.39515099
0.39516500
0.39517599
0.39517599
0.39519101
0.39519101
0.39519399
0.39533201
0.39578199
0.39578801
0.39580601
0.39584601
0.39595601
0.39611000
0.39611000
0.39611799
0.39640501
0.39687499
0.39721400
0.39724699
0.39725101
0.39725599
0.39726701
0.39750099
0.39750701
0.39767000
0.39770699
0.39792499
0.39795899
0.39804399
0.39804700
0.39910200
0.39919901
0.39941001
0.39942199
0.39943200
0.39945701
0.39952201
0.39952400
0.39953199
0.39953500
0.39953899
0.39954200
0.39956000
0.39956099
0.39956900
0.39957500
0.39964199
0.39965001
0.39965400
0.40111899
0.40113100
0.40115201
0.40125799
0.40129599
0.40133700
0.40141100
0.40141901
0.40168899
0.40178600
0.40180200
0.40180501
0.40180600
0.40184799
0.40212700
0.40215501
0.40216801
0.40217099
0.40217701
0.40218100
0.40220299
0.40226600
0.40251499
0.40261799
0.40262601
0.40267399
0.40267399
0.40268499
0.40270001
0.40276799
0.40277299
0.40277299
0.40278801
0.40279499
0.40280500
0.40280601
0.40281400
0.40282300
0.40285799
0.40287599
0.40293899
0.40294901
0.40302101
0.40303099
0.40310100
0.40310699
0.40310901
0.40312099
0.40312201
0.40312299
0.40313101
0.40315399
0.40334901
0.40335199
0.40335599
0.40335900
0.40335900
0.40336701
0.40346801
0.40346801
0.40347600
0.40347701
0.40350300
0.40357599
0.40357599
0.40357900
0.40358999
0.40359300
0.40359601
0.40362599
0.40367499
0.40432799
0.40469801
0.40550199
0.40559900
0.40564001
0.40598699
0.40690899
0.40697500
0.40724099
0.40769199
0.40772900
0.40779901
0.40873000
0.40885100
0.40891299
0.40891600
0.40893599
0.40909001
0.40917900
0.40920401
0.40943801
0.40961501
0.40963501
0.40965101
0.40965801
0.40965801
0.40966100
0.40966100
0.40966201
0.40972200
0.40972400
0.40972501
0.40972501
0.40972599
0.40973499
0.40973899
0.40974000
0.40974399
0.40974399
0.40974799
0.40975201
0.40975299
0.40976200
0.40978700
0.40996099
0.40999401
0.41000000
0.41001099
0.41001999
0.41021901
0.41022599
0.41022900
0.41023001
0.41023400
0.41023499
0.41023499
0.41023800
0.41023800
0.41025299
0.41025600
0.41028199
0.41030800
0.41030800
0.41031399
0.41032001
0.41032001
0.41032401
0.41033199
0.41033301
0.41089100
0.41150799
0.41157299
0.41187501
0.41243500
0.41327700
0.41327700
0.41327801
0.41330600
0.41333899
0.41336101
0.41338700
0.41339999
0.41345701
0.41345999
0.41347000
0.41395399
0.41401300
0.41404301
0.41408199
0.41408399
0.41410899
0.41418001
0.41419101
0.41429800
0.41440901
0.41441199
0.41443700
0.41445601
0.41449100
0.41461501
0.41462600
0.41477701
0.41480699
0.41483501
0.41492999
0.41587800
0.41594300
0.41595599
0.41597199
0.41598400
0.41612199
0.41613501
0.41622099
0.41629699
0.41641200
0.41643500
0.41647899
0.41651499
0.41665101
0.41665801
0.41669700
0.41775301
0.41777399
0.41779399
0.41779700
0.41803399
0.41958001
0.41969401
0.42008001
0.42031199
0.42066801
0.42078900
0.42079300
0.42080501
0.42086899
0.42091599
0.42091599
0.42093799
0.42094499
0.42145500
0.42219001
0.42245901
0.42245901
0.42246500
0.42246500
0.42246699
0.42246801
0.42246899
0.42246899
0.42246899
0.42250800
0.42251399
0.42251399
0.42264199
0.42268699
0.42271900
0.42284799
0.42285001
0.42289799
0.42290601
0.42290601
0.42291999
0.42293000
0.42307901
0.42327100
0.42327800
0.42328301
0.42329100
0.42330399
0.42331499
0.42331600
0.42331901
0.42336500
0.42336699
0.42337501
0.42339900
0.42342499
0.42343599
0.42344099
0.42344201
0.42344299
0.42372900
0.42374301
0.42384201
0.42410699
0.42411199
0.42411599
0.42432499
0.42448601
0.42456299
0.42456600
0.42483199
0.42485201
0.42582601
0.42589900
0.42595300
0.42601600
0.42602700
0.42603701
0.42604700
0.42607301
0.42607901
0.42610300
0.42611000
0.42613000
0.42614001
0.42614600
0.42615399
0.42615801
0.42615801
0.42616400
0.42616799
0.42617401
0.42618701
0.42618799
0.42619100
0.42619199
0.42619401
0.42620200
0.42620200
0.42620400
0.42620400
0.42620501
0.42620701
0.42621201
0.42621800
0.42622301
0.42624199
0.42626500
0.42626601
0.42626899
0.42627701
0.42627800
0.42627901
0.42631099
0.42631099
0.42631799
0.42631999
0.42631999
0.42632100
0.42632401
0.42632499
0.42632800
0.42632800
0.42633000
0.42633599
0.42633700
0.42633700
0.42633700
0.42633700
0.42642999
0.42650700
0.42650899
0.42651200
0.42651299
0.42651299
0.42655000
0.42655200
0.42655501
0.42655700
0.42656699
0.42657700
0.42657799
0.42657799
0.42657900
0.42659101
0.42660099
0.42660800
0.42661101
0.42661500
0.42662099
0.42662501
0.42662600
0.42662600
0.42662701
0.42662799
0.42683700
0.42684299
0.42698500
0.42703000
0.42704800
0.42706200
0.42708299
0.42721701
0.42732599
0.42755601
0.42756501
0.42758000
0.42758101
0.42759001
0.42771801
0.42777100
0.42777899
0.42778799
0.42797601
0.42841199
0.42841601
0.42842600
0.42843100
0.42844999
0.42871499
0.42873201
0.42879701
0.42884099
0.42884299
0.42885801
0.42887899
0.43043399
0.43048799
0.43054399
0.43055001
0.43055201
0.43058699
0.43103400
0.43121001
0.43126300
0.43137100
0.43142301
0.43147600
0.43160000
0.43161100
0.43170601
0.43178701
0.43187201
0.43214899
0.43218401
0.43219200
0.43223399
0.43223700
0.43223900
0.43224499
0.43248799
0.43248999
0.43249899
0.43250999
0.43251699
0.43252599
0.43252701
0.43252799
0.43252999
0.43253100
0.43253300
0.43253601
0.43254700
0.43255299
0.43259299
0.43290600
0.43308699
0.43312001
0.43313199
0.43313700
0.43316600
0.43316701
0.43323800
0.43323901
0.43324301
0.43325001
0.43329501
0.43331200
0.43334600
0.43335000
0.43336001
0.43337700
0.43338600
0.43339899
0.43345001
0.43345201
0.43345800
0.43348801
0.43348899
0.43350801
0.43351400
0.43353599
0.43354699
0.43355000
0.43355700
0.43366000
0.43377599
0.43378001
0.43379200
0.43379900
0.43380100
0.43380499
0.43384299
0.43384299
0.43385100
0.43385801
0.43387601
0.43391901
0.43392199
0.43392301
0.43393499
0.43393701
0.43393701
0.43394199
0.43394300
0.43395299
0.43409699
0.43410400
0.43410900
0.43411601
0.43411800
0.43413100
0.43413201
0.43414199
0.43414199
0.43414599
0.43415099
0.43415099
0.43415499
0.43473399
0.43480599
0.43484101
0.43486100
0.43486300
0.43486601
0.43486601
0.43486899
0.43487099
0.43487200
0.43488300
0.43488500
0.43489000
0.43496001
0.43496099
0.43496400
0.43497100
0.43497100
0.43497100
0.43497199
0.43497699
0.43497699
0.43498200
0.43498299
0.43500599
0.43502700
0.43504199
0.43504199
0.43504199
0.43504199
0.43504199
0.43504199
0.43504199
0.43504700
0.43504700
0.43515101
0.43515801
0.43516400
0.43516600
0.43516600
0.43516701
0.43517601
0.43517601
0.43517700
0.43517801
0.43517801
0.43517900
0.43518001
0.43518001
0.43518099
0.43519601
0.43520001
0.43524200
0.43525201
0.43530801
0.43564501
0.43581799
0.43584999
0.43585399
0.43586901
0.43587500
0.43590599
0.43590701
0.43591800
0.43592501
0.43593001
0.43593001
0.43593800
0.43593800
0.43596500
0.43601701
0.43602800
0.43603000
0.43603599
0.43603599
0.43605399
0.43605700
0.43606201
0.43607500
0.43608099
0.43609399
0.43612099
0.43612301
0.43612400
0.43613499
0.43613499
0.43613601
0.43613699
0.43613899
0.43614000
0.43614000
0.43614101
0.43614101
0.43614700
0.43614700
0.43614799
0.43615201
0.43615800
0.43616000
0.43616101
0.43616799
0.43617201
0.43617401
0.43618801
0.43618801
0.43618801
0.43622699
0.43622899
0.43669900
0.44009501
0.44012401
0.44021100
0.44066700
0.44082499
0.44082701
0.44083300
0.44084099
0.44084099
0.44084701
0.44086599
0.44087100
0.44087100
0.44087499
0.44087499
0.44088799
0.44089001
0.44089100
0.44089299
0.44089499
0.44089901
0.44100499
0.44100901
0.44102600
0.44117501
0.44257301
0.44321299
0.44334599
0.44383001
0.44393301
0.44395399
0.44403300
0.44404900
0.44405201
0.44406900
0.44441599
0.44442701
0.44457701
0.44483900
0.44483900
0.44502899
0.44504300
0.44506899
0.44515601
0.44580200
0.44582000
0.44586501
0.44586799
0.44614199
0.44614401
0.44614899
0.44615301
0.44615501
0.44615600
0.44615799
0.44615799
0.44616100
0.44617000
0.44617000
0.44617099
0.44617099
0.44617301
0.44617501
0.44617599
0.44617599
0.44617599
0.44617701
0.44617701
0.44617900
0.44618601
0.44619501
0.44620100
0.44620100
0.44620201
0.44621301
0.44621301
0.44621301
0.44621900
0.44622299
0.44622299
0.44631699
0.44634101
0.44637099
0.44637200
0.44637501
0.44637701
0.44639000
0.44639701
0.44639999
0.44641000
0.44642499
0.44642901
0.44643801
0.44649199
0.44649699
0.44651499
0.44653901
0.44702700
0.44709301
0.44709700
0.44726300
0.44728801
0.44735199
0.44736201
0.44737101
0.44738501
0.44739100
0.44743001
0.44746199
0.44780701
0.44786099
0.44791701
0.44794199
0.44801599
0.44802901
0.44803399
0.44803599
0.44804099
0.44804201
0.44805199
0.44806501
0.44806799
0.44807100
0.44807100
0.44807100
0.44807300
0.44807500
0.44807899
0.44808099
0.44818699
0.44823301
0.44825700
0.44826499
0.44827199
0.44830900
0.44831401
0.44831601
0.44831899
0.44833601
0.44837499
0.44838801
0.44839501
0.44839901
0.44850501
0.44852901
0.44854900
0.44869101
0.44898000
0.44899401
0.44899499
0.44899499
0.44911999
0.44939801
0.44981700
0.44998500
0.44998500
0.44998601
0.44998601
0.44999000
0.44999000
0.44999099
0.44999099
0.45000401
0.45001000
0.45004800
0.45004800
0.45005900
0.45006299
0.45007300
0.45007399
0.45009801
0.45009801
0.45011199
0.45011199
0.45011199
0.45011199
0.45011601
0.45013100
0.45013300
0.45015499
0.45016900
0.45017701
0.45020401
0.45020801
0.45021200
0.45021600
0.45022500
0.45022601
0.45023200
0.45023200
0.45026299
0.45026299
0.45026299
0.45026299
0.45026299
0.45028001
0.45128801
0.45135999
0.45159301
0.45170900
0.45174900
0.45252800
0.45398301
0.45403501
0.45408300
0.45408800
0.45409301
0.45409399
0.45409399
0.45480400
0.45480499
0.45480600
0.45481601
0.45482299
0.45482600
0.45482701
0.45482999
0.45484501
0.45484599
0.45484701
0.45485699
0.45485899
0.45486099
0.45486599
0.45486999
0.45486999
0.45486999
0.45486999
0.45486999
0.45487100
0.45487699
0.45488200
0.45488900
0.45491901
0.45491901
0.45491901
0.45492801
0.45492899
0.45492899
0.45492899
0.45492899
0.45492899
0.45492899
0.45493001
0.45493001
0.45493299
0.45493600
0.45493600
0.45494401
0.45498499
0.45499599
0.45501801
0.45508000
0.45509899
0.45514101
0.45537400
0.45539999
0.45554399
0.45556200
0.45556301
0.45556900
0.45559999
0.45561600
0.45563000
0.45563000
0.45563701
0.45566601
0.45566800
0.45571399
0.45593801
0.45594099
0.45595500
0.45595500
0.45596299
0.45596901
0.45596901
0.45596999
0.45597300
0.45597300
0.45597401
0.45598200
0.45609599
0.45630500
0.45653701
0.45653799
0.45671600
0.45673299
0.45673299
0.45674101
0.45675001
0.45675299
0.45676899
0.45679101
0.45680100
0.45686200
0.45694801
0.45701101
0.45705301
0.45707399
0.45709300
0.45709500
0.45709801
0.45712501
0.45712700
0.45713300
0.45727301
0.45731300
0.46061799
0.46065500
0.46066099
0.46187499
0.46188399
0.46231601
0.46349600
0.46349600
0.46349701
0.46349800
0.46454901
0.46461701
0.46468800
0.46474701
0.46494499
0.46497199
0.46501800
0.46502200
0.46503201
0.46508199
0.46508399
0.46510401
0.46510699
0.46513799
0.46514300
0.46516201
0.46517700
0.46519899
0.46520001
0.46522099
0.46522999
0.46524200
0.46524900
0.46524900
0.46525499
0.46525499
0.46526700
0.46526799
0.46526799
0.46526799
0.46526799
0.46526799
0.46527299
0.46527299
0.46527299
0.46527401
0.46527499
0.46548101
0.46550801
0.46551001
0.46552601
0.46552601
0.46557900
0.46646199
0.46669999
0.46670401
0.46670499
0.46670499
0.46671200
0.46671900
0.46682599
0.46683201
0.46684101
0.46684399
0.46711001
0.46711099
0.46713501
0.46714401
0.46714899
0.46716300
0.46716300
0.46716300
0.46716800
0.46716800
0.46716800
0.46716800
0.46718201
0.46718499
0.46719101
0.46719801
0.46719801
0.46723199
0.46725699
0.46728101
0.46739900
0.46740699
0.46740699
0.46740800
0.46740800
0.46740800
0.46741000
0.46741301
0.46741500
0.46742100
0.46742299
0.46742299
0.46742299
0.46750200
0.46750301
0.46750501
0.46751699
0.46752599
0.46752700
0.46753100
0.46753800
0.46756300
0.46756300
0.46756899
0.46758401
0.46758401
0.46758601
0.46761900
0.46763200
0.46763200
0.46763301
0.46763301
0.46768799
0.46814999
0.46816701
0.46816900
0.46817100
0.46817201
0.46817401
0.46817499
0.46817499
0.46817699
0.46817699
0.46818000
0.46818501
0.46819001
0.46820199
0.46820301
0.46820700
0.46820700
0.46821100
0.46822700
0.46822900
0.46823099
0.46824500
0.46824601
0.46824700
0.46824700
0.46825001
0.46829599
0.46830100
0.46834999
0.46836299
0.46838301
0.46842700
0.46843800
0.46844599
0.46845299
0.46849301
0.46851599
0.46855101
0.46858799
0.46859699
0.46861500
0.46862000
0.46867999
0.46868899
0.46872699
0.46872801
0.46873301
0.46875399
0.46876299
0.46876499
0.46883300
0.46883801
0.46883899
0.46884999
0.46885100
0.46888500
0.46888700
0.46890199
0.46890599
0.46897101
0.46908301
0.46911299
0.46913099
0.46942699
0.46943399
0.46944600
0.46944600
0.46944699
0.46946001
0.46946299
0.46946299
0.46946901
0.46948200
0.46948299
0.46948299
0.46948400
0.46948600
0.46949801
0.46949899
0.46950701
0.46950799
0.46953699
0.46954900
0.46959499
0.46961299
0.46961299
0.46961600
0.46962401
0.46963301
0.46963400
0.46963400
0.46963799
0.46963999
0.46974000
0.46974501
0.46974799
0.46975401
0.46979401
0.46979600
0.46981800
0.47114599
0.47115999
0.47122100
0.47123200
0.47124499
0.47124699
0.47126901
0.47131801
0.47133401
0.47136199
0.47137901
0.47150800
0.47158000
0.47158000
0.47158599
0.47159499
0.47161701
0.47161901
0.47162399
0.47162601
0.47166899
0.47167099
0.47167400
0.47167599
0.47167701
0.47169101
0.47169200
0.47169399
0.47169799
0.47169900
0.47171101
0.47173300
0.47173899
0.47191900
0.47192201
0.47192499
0.47193500
0.47221199
0.47221199
0.47222400
0.47223100
0.47223201
0.47223300
0.47223401
0.47223401
0.47223800
0.47224799
0.47226399
0.47226599
0.47228000
0.47228301
0.47229099
0.47229800
0.47229999
0.47232401
0.47232401
0.47255000
0.47278300
0.47300401
0.47301099
0.47301799
0.47301799
0.47302201
0.47320801
0.47368401
0.47381899
0.47382799
0.47384399
0.47384599
0.47385401
0.47385600
0.47387001
0.47387701
0.47400001
0.47405699
0.47407001
0.47426599
0.47454801
0.47481501
0.47482201
0.47482499
0.47482601
0.47482800
0.47483599
0.47483599
0.47483701
0.47484499
0.47484499
0.47484800
0.47484800
0.47484899
0.47485799
0.47486001
0.47486600
0.47487599
0.47489601
0.47492599
0.47493100
0.47493899
0.47494000
0.47494000
0.47494000
0.47495100
0.47496700
0.47498900
0.47499701
0.47501501
0.47529101
0.47532400
0.47545600
0.47546500
0.47547400
0.47549200
0.47549999
0.47549999
0.47550601
0.47551599
0.47551799
0.47552601
0.47555599
0.47555801
0.47557399
0.47557601
0.47557899
0.47558400
0.47562501
0.47597200
0.47718301
0.47727200
0.47729099
0.47731501
0.47742000
0.47745299
0.47746199
0.47750899
0.47756100
0.47756699
0.47758299
0.47766101
0.47771701
0.47773701
0.47773901
0.47773999
0.47775000
0.47775099
0.47775301
0.47775999
0.47775999
0.47777000
0.47777900
0.47778201
0.47778401
0.47778499
0.47779301
0.47785199
0.47785500
0.47785601
0.47786200
0.47786900
0.47787300
0.47788301
0.47788599
0.47789899
0.47790700
0.47794300
0.47801301
0.47801501
0.47803101
0.47803101
0.47803700
0.47809801
0.47813100
0.47813600
0.47814301
0.47814599
0.47821599
0.47927400
0.47928500
0.47929901
0.47930101
0.47933200
0.47934401
0.47935101
0.47935599
0.47936800
0.47938699
0.48009801
0.48069501
0.48076099
0.48078099
0.48078901
0.48079500
0.48080000
0.48080200
0.48081300
0.48085099
0.48101500
0.48103800
0.48104000
0.48105001
0.48105201
0.48105699
0.48106200
0.48107800
0.48108900
0.48108900
0.48108900
0.48108900
0.48109999
0.48110101
0.48110101
0.48110101
0.48110101
0.48110199
0.48111400
0.48111400
0.48112199
0.48112899
0.48112899
0.48114499
0.48114601
0.48114601
0.48114699
0.48115599
0.48115700
0.48115700
0.48117000
0.48117000
0.48117900
0.48121300
0.48122200
0.48123401
0.48125401
0.48125401
0.48131901
0.48133701
0.48138300
0.48143899
0.48146200
0.48146600
0.48148900
0.48151100
0.48151201
0.48151299
0.48152399
0.48155901
0.48197299
0.48207301
0.48208800
0.48209399
0.48210400
0.48210499
0.48210499
0.48211101
0.48216200
0.48222801
0.48238999
0.48241299
0.48242101
0.48246899
0.48255000
0.48256001
0.48256800
0.48256800
0.48256800
0.48257500
0.48259199
0.48259801
0.48261601
0.48261601
0.48261699
0.48261899
0.48262599
0.48262700
0.48266199
0.48269299
0.48270401
0.48278001
0.48287600
0.48291501
0.48291501
0.48293701
0.48296800
0.48304701
0.48307899
0.48309499
0.48309499
0.48309499
0.48309499
0.48314700
0.48314700
0.48314700
0.48314700
0.48329899
0.48365700
0.48366499
0.48366600
0.48369101
0.48373300
0.48396900
0.48397300
0.48419699
0.48432800
0.48434401
0.48435101
0.48436600
0.48438200
0.48440200
0.48442101
0.48442400
0.48446599
0.48447299
0.48447701
0.48447701
0.48447800
0.48449501
0.48449600
0.48449600
0.48453301
0.48453501
0.48463601
0.48467299
0.48501000
0.48509201
0.48511299
0.48514399
0.48518500
0.48519999
0.48521599
0.48529601
0.48530400
0.48532200
0.48538700
0.48540699
0.48548800
0.48554701
0.48575300
0.48596901
0.48603800
0.48681399
0.48684400
0.48691300
0.48695299
0.48696899
0.48699501
0.48699501
0.48699701
0.48701799
0.48703101
0.48704600
0.48708400
0.48710200
0.48711601
0.48713699
0.48715800
0.48716000
0.48717299
0.48718101
0.48719800
0.48737001
0.48765099
0.48773399
0.48773801
0.48774299
0.48777100
0.48777899
0.48779100
0.48782000
0.48783001
0.48785201
0.48789799
0.48792499
0.48796901
0.48802900
0.48894599
0.48895299
0.48904699
0.48914000
0.48923001
0.48933700
0.48950601
0.48965901
0.48971000
0.49093801
0.49101299
0.49102300
0.49102601
0.49112901
0.49113899
0.49114001
0.49116200
0.49118701
0.49124601
0.49131501
0.49131501
0.49142900
0.49148801
0.49156001
0.49156299
0.49160400
0.49161801
0.49165300
0.49172199
0.49172300
0.49172801
0.49175900
0.49175999
0.49176201
0.49191201
0.49209300
0.49213299
0.49213400
0.49214101
0.49214301
0.49215499
0.49219900
0.49248800
0.49249300
0.49252599
0.49254501
0.49292299
0.49294901
0.49305701
0.49307600
0.49308199
0.49317801
0.49318901
0.49320799
0.49323601
0.49326199
0.49326801
0.49327099
0.49327800
0.49329501
0.49339300
0.49339700
0.49344599
0.49344701
0.49346700
0.49357200
0.49357799
0.49358800
0.49359500
0.49360499
0.49386299
0.49390599
0.49412799
0.49419999
0.49422401
0.49422899
0.49425000
0.49425101
0.49427301
0.49432200
0.49433699
0.49434099
0.49443299
0.49443400
0.49443400
0.49443501
0.49444199
0.49444699
0.49446300
0.49453700
0.49454901
0.49466699
0.49466699
0.49473700
0.49511901
0.49511901
0.49512401
0.49512401
0.49513599
0.49514899
0.49514899
0.49514899
0.49521399
0.49521399
0.49521899
0.49524599
0.49532700
0.49534899
0.49535000
0.49536899
0.49553099
0.49555901
0.49556199
0.49559200
0.49559399
0.49562901
0.49563101
0.49563301
0.49568400
0.49570599
0.49571401
0.49572399
0.49577099
0.49578100
0.49584600
0.49599299
0.49608400
0.49636701
0.49642500
0.49644899
0.49646899
0.49649400
0.49653700
0.49655399
0.49657401
0.49659500
0.49662399
0.49667600
0.49689201
0.49691501
0.49700201
0.49702501
0.49708200
0.49708501
0.49799699
0.49838001
0.49902099
0.49922699
0.50007099
0.50056601
0.50056702
0.50058299
0.50063300
0.50064898
0.50092500
0.50136900
0.50217903
0.50231999
0.50234598
0.50236100
0.50240898
0.50241601
0.50244099
0.50245500
0.50256199
0.50258702
0.50259203
0.50262100
0.50264299
0.50284499
0.50287998
0.50299698
0.50299901
0.50299901
0.50303000
0.50303203
0.50303203
0.50304002
0.50304002
0.50304502
0.50305003
0.50306302
0.50306302
0.50306302
0.50306302
0.50306302
0.50306797
0.50309402
0.50310898
0.50313002
0.50335598
0.50337601
0.50338602
0.50339299
0.50339901
0.50342399
0.50342703
0.50343198
0.50344503
0.50344801
0.50345302
0.50345403
0.50345701
0.50345802
0.50348097
0.50348502
0.50357699
0.50363600
0.50366002
0.50366598
0.50370598
0.50371200
0.50376600
0.50380498
0.50416100
0.50443202
0.50453901
0.50465697
0.50473601
0.50483102
0.50506598
0.50539601
0.50540400
0.50541103
0.50541198
0.50543302
0.50547600
0.50548601
0.50548899
0.50549901
0.50556201
0.50556499
0.50598198
0.50600702
0.50600803
0.50601602
0.50602299
0.50603300
0.50603801
0.50604898
0.50604898
0.50605601
0.50606000
0.50606298
0.50606602
0.50613701
0.50615197
0.50615901
0.50619000
0.50621498
0.50621498
0.50621903
0.50622201
0.50622499
0.50622499
0.50623202
0.50623399
0.50625700
0.50719100
0.50746000
0.50747597
0.50748402
0.50749600
0.50755203
0.50759202
0.50765800
0.50779003
0.50782502
0.50785798
0.50788999
0.50803500
0.50803697
0.50818402
0.50818402
0.50818700
0.50818700
0.50820500
0.50820702
0.50823498
0.50825202
0.50825298
0.50828999
0.50829500
0.50831401
0.50857800
0.50863200
0.50863397
0.50863498
0.50865602
0.50874901
0.50879401
0.50881499
0.50887197
0.50887299
0.50888699
0.50889999
0.50895500
0.50940698
0.50963902
0.50965399
0.51000398
0.51002800
0.51002902
0.51003700
0.51004797
0.51005101
0.51005602
0.51006699
0.51007003
0.51007199
0.51008397
0.51008898
0.51009297
0.51012200
0.51015502
0.51015502
0.51016003
0.51016802
0.51018101
0.51018399
0.51019502
0.51024199
0.51029098
0.51029402
0.51104999
0.51107502
0.51107502
0.51107597
0.51110500
0.51110899
0.51111400
0.51111698
0.51111901
0.51111901
0.51111901
0.51112300
0.51112300
0.51118201
0.51145899
0.51146501
0.51146501
0.51146603
0.51146799
0.51146901
0.51147002
0.51147097
0.51147097
0.51147801
0.51158899
0.51217198
0.51217902
0.51218700
0.51218897
0.51219201
0.51219302
0.51219398
0.51220500
0.51220798
0.51221102
0.51222402
0.51222599
0.51222998
0.51223898
0.51225197
0.51226902
0.51226997
0.51228601
0.51228702
0.51230502
0.51230901
0.51231998
0.51232803
0.51236498
0.51241899
0.51242000
0.51242298
0.51245302
0.51250899
0.51270503
0.51270998
0.51277798
0.51281101
0.51282102
0.51285303
0.51286203
0.51288801
0.51331800
0.51360500
0.51361603
0.51364499
0.51365101
0.51368803
0.51368999
0.51369399
0.51370001
0.51371503
0.51371598
0.51379800
0.51380002
0.51381397
0.51381898
0.51386499
0.51390702
0.51392603
0.51393998
0.51394802
0.51396698
0.51397097
0.51397198
0.51398802
0.51398802
0.51398998
0.51399100
0.51399201
0.51399302
0.51399398
0.51400298
0.51400697
0.51404202
0.51412803
0.51414198
0.51414901
0.51465201
0.51493698
0.51494497
0.51494497
0.51495099
0.51495898
0.51495898
0.51502800
0.51510000
0.51526201
0.51526201
0.51526201
0.51526201
0.51531500
0.51532102
0.51534098
0.51534700
0.51535100
0.51535201
0.51535302
0.51535499
0.51537198
0.51537400
0.51537502
0.51537502
0.51537597
0.51537597
0.51537699
0.51537699
0.51558399
0.51580501
0.51670301
0.51702797
0.51713997
0.51718801
0.51720202
0.51720899
0.51724398
0.51731497
0.51770598
0.51849198
0.51850700
0.51855201
0.51856798
0.51858902
0.51862103
0.51862401
0.51862502
0.51862597
0.51863003
0.51863402
0.51865298
0.51865500
0.51865900
0.51866299
0.51867300
0.51868600
0.51869702
0.51869798
0.51869798
0.51870400
0.51871300
0.51871300
0.51871300
0.51871401
0.51872498
0.51874501
0.51874501
0.51874501
0.51874501
0.51884502
0.51885802
0.51886499
0.51886898
0.51888299
0.51888502
0.51888502
0.51890397
0.51890498
0.51890600
0.51891202
0.51891297
0.51891702
0.51892900
0.51921397
0.51924700
0.51926398
0.51934099
0.51934803
0.51936501
0.51937598
0.51939303
0.51944500
0.51944500
0.51950198
0.51950198
0.51951200
0.51954800
0.51954901
0.51955497
0.51955599
0.51956201
0.51960802
0.51961702
0.51962501
0.51962602
0.51962799
0.51965600
0.51966202
0.51966900
0.51969498
0.51970899
0.51971501
0.52106899
0.52116001
0.52120799
0.52123100
0.52123600
0.52124399
0.52124500
0.52124703
0.52125001
0.52125603
0.52126098
0.52126700
0.52127099
0.52127099
0.52127999
0.52128202
0.52128798
0.52236700
0.52239501
0.52241701
0.52249199
0.52249700
0.52251297
0.52252001
0.52252102
0.52253002
0.52253199
0.52253801
0.52258402
0.52259499
0.52260900
0.52261102
0.52273601
0.52275699
0.52293497
0.52367699
0.52368200
0.52369201
0.52369303
0.52519703
0.52522802
0.52523398
0.52524197
0.52526897
0.52526999
0.52530301
0.52531397
0.52534300
0.52534997
0.52535498
0.52535599
0.52580202
0.52584702
0.52585298
0.52585399
0.52586597
0.52586699
0.52587402
0.52587998
0.52588201
0.52588201
0.52589202
0.52589202
0.52589297
0.52590698
0.52590698
0.52591097
0.52591300
0.52591300
0.52591902
0.52591902
0.52592301
0.52593201
0.52593303
0.52593303
0.52594000
0.52594298
0.52598000
0.52598703
0.52602798
0.52606100
0.52606702
0.52607697
0.52698100
0.52746302
0.52751303
0.52752799
0.52753299
0.52753502
0.52753502
0.52756000
0.52756500
0.52757001
0.52757299
0.52757901
0.52758598
0.52759397
0.52760100
0.52760601
0.52761000
0.52761501
0.52767903
0.52805698
0.52806002
0.52807498
0.52807498
0.52807599
0.52807599
0.52807599
0.52807701
0.52808797
0.52811903
0.52811903
0.52812898
0.52812999
0.52813900
0.52816498
0.52816802
0.52816802
0.52816802
0.52816802
0.52816898
0.52817500
0.52818501
0.52821201
0.52822101
0.52827698
0.52848899
0.52875501
0.52878499
0.52878898
0.52879202
0.52880698
0.52880901
0.52883798
0.52886897
0.52890098
0.52890402
0.52892601
0.52892703
0.52895099
0.52895498
0.52895600
0.52895999
0.52896398
0.52899098
0.52899498
0.52902699
0.52902699
0.52905399
0.52905399
0.52905500
0.52905601
0.52905899
0.52906799
0.52918899
0.52921498
0.52921802
0.52921999
0.52922302
0.53038198
0.53038597
0.53039300
0.53040099
0.53040600
0.53041101
0.53041297
0.53041798
0.53042400
0.53043699
0.53043997
0.53044200
0.53045100
0.53045201
0.53046298
0.53047198
0.53056198
0.53056401
0.53057802
0.53057802
0.53057897
0.53057998
0.53058499
0.53058702
0.53059101
0.53060198
0.53173202
0.53218198
0.53218299
0.53218800
0.53219700
0.53221399
0.53221601
0.53221703
0.53295499
0.53418100
0.53474301
0.53497601
0.53502703
0.53505802
0.53507501
0.53507900
0.53508103
0.53510100
0.53510302
0.53511202
0.53511602
0.53513002
0.53513402
0.53513598
0.53514200
0.53514302
0.53514498
0.53514498
0.53514498
0.53514701
0.53514802
0.53514802
0.53515500
0.53518999
0.53519201
0.53521597
0.53522497
0.53551501
0.53551501
0.53551602
0.53551698
0.53551900
0.53552300
0.53552997
0.53553200
0.53553599
0.53554100
0.53554201
0.53555202
0.53555298
0.53561997
0.53562701
0.53658801
0.53702599
0.53715301
0.53715599
0.53717798
0.53744298
0.53765798
0.53788298
0.53799802
0.53812999
0.53813899
0.53817701
0.53825700
0.53827298
0.53827798
0.53828001
0.53828102
0.53828102
0.53828800
0.53828901
0.53841901
0.53843802
0.53844798
0.53845698
0.53851497
0.53854299
0.53857702
0.53859198
0.53864503
0.53864998
0.53865701
0.53868198
0.53868401
0.53868401
0.53868598
0.53868699
0.53872001
0.53873199
0.53873301
0.53874201
0.53874302
0.53874397
0.53874600
0.53875101
0.53875899
0.53876001
0.53877801
0.53878099
0.53878301
0.53891897
0.53892100
0.53892797
0.53892797
0.53892899
0.53892899
0.53892899
0.53892899
0.53892899
0.53896999
0.53897500
0.53897601
0.53898197
0.53898901
0.53901398
0.53903699
0.53923899
0.54061699
0.54063201
0.54064000
0.54064697
0.54065102
0.54065800
0.54067701
0.54067999
0.54068899
0.54069602
0.54070300
0.54070699
0.54071498
0.54072303
0.54072303
0.54074800
0.54078501
0.54081303
0.54082000
0.54083002
0.54084301
0.54086399
0.54087698
0.54087901
0.54089499
0.54090601
0.54091901
0.54091901
0.54092097
0.54095501
0.54097402
0.54102200
0.54102200
0.54152900
0.54174799
0.54192102
0.54193401
0.54193401
0.54193699
0.54196298
0.54200298
0.54201502
0.54203999
0.54204202
0.54206997
0.54288298
0.54303199
0.54304498
0.54306698
0.54309303
0.54312098
0.54312199
0.54314101
0.54325199
0.54325497
0.54327101
0.54327297
0.54328299
0.54334199
0.54370099
0.54370803
0.54427499
0.54432398
0.54434597
0.54435402
0.54435498
0.54435599
0.54436100
0.54437202
0.54440302
0.54440802
0.54440898
0.54441202
0.54443002
0.54448199
0.54448700
0.54449397
0.54449499
0.54449701
0.54450500
0.54452002
0.54453301
0.54456401
0.54460698
0.54461497
0.54461598
0.54462099
0.54502302
0.54508102
0.54508698
0.54535401
0.54554200
0.54618400
0.54694700
0.54700100
0.54700202
0.54700202
0.54700297
0.54700398
0.54702300
0.54702699
0.54702902
0.54723001
0.54724801
0.54727602
0.54728198
0.54730302
0.54730898
0.54730898
0.54731798
0.54731798
0.54731899
0.54732102
0.54732800
0.54733503
0.54733700
0.54734898
0.54735398
0.54736203
0.54736900
0.54737198
0.54737800
0.54738599
0.54739797
0.54740500
0.54744500
0.54746598
0.54747200
0.54747802
0.54753298
0.54757100
0.54776198
0.54798800
0.54801500
0.54803002
0.54803598
0.54803598
0.54806203
0.54831201
0.54831803
0.54832703
0.54848897
0.54879802
0.54912400
0.54921800
0.54922301
0.54923898
0.54926699
0.54926801
0.54927099
0.54927403
0.54930502
0.54967701
0.54973501
0.54976398
0.54984301
0.55011600
0.55018002
0.55026501
0.55032998
0.55039698
0.55046898
0.55053502
0.55069602
0.55069798
0.55072701
0.55072701
0.55076200
0.55096102
0.55102497
0.55103397
0.55136400
0.55139798
0.55141097
0.55173099
0.55174601
0.55176800
0.55177498
0.55182302
0.55182499
0.55182701
0.55246300
0.55361301
0.55369002
0.55369598
0.55370498
0.55374002
0.55376601
0.55378002
0.55378199
0.55379200
0.55379802
0.55380499
0.55380601
0.55381602
0.55381697
0.55390698
0.55391598
0.55391598
0.55391598
0.55391699
0.55391699
0.55391699
0.55396301
0.55396402
0.55396497
0.55397397
0.55397701
0.55397803
0.55399102
0.55399197
0.55401599
0.55408001
0.55409002
0.55409098
0.55409300
0.55411798
0.55412900
0.55413902
0.55414897
0.55422401
0.55422503
0.55422598
0.55422699
0.55424702
0.55427498
0.55427498
0.55428201
0.55431902
0.55432397
0.55432498
0.55432600
0.55432802
0.55432898
0.55440599
0.55451602
0.55452597
0.55453002
0.55454803
0.55454898
0.55455297
0.55455399
0.55455500
0.55456501
0.55457199
0.55458498
0.55460298
0.55461103
0.55461103
0.55462003
0.55462199
0.55465400
0.55465800
0.55466002
0.55466598
0.55466598
0.55466598
0.55466598
0.55466598
0.55466598
0.55466598
0.55466598
0.55466700
0.55466700
0.55466801
0.55466801
0.55468100
0.55468798
0.55469602
0.55469602
0.55469602
0.55469602
0.55470300
0.55470300
0.55470401
0.55487198
0.55489200
0.55500001
0.55500299
0.55500501
0.55500799
0.55500901
0.55501503
0.55501503
0.55501598
0.55502099
0.55516499
0.55521297
0.55521899
0.55521899
0.55525500
0.55549097
0.55553299
0.55566198
0.55569398
0.55570102
0.55570197
0.55576301
0.55608100
0.55609202
0.55610001
0.55610597
0.55613297
0.55613798
0.55618000
0.55618900
0.55622798
0.55623102
0.55628002
0.55628401
0.55629301
0.55629301
0.55629700
0.55631399
0.55631500
0.55631900
0.55631900
0.55632001
0.55632699
0.55633301
0.55634201
0.55634201
0.55634701
0.55636400
0.55685103
0.55685502
0.55688202
0.55695403
0.55709499
0.55745798
0.55769098
0.55913901
0.55914301
0.55916899
0.55916899
0.55917501
0.55917501
0.55918998
0.55918998
0.55920398
0.55937099
0.55938101
0.56023699
0.56029397
0.56033403
0.56038398
0.56051499
0.56056798
0.56063700
0.56065500
0.56067699
0.56073999
0.56075400
0.56076300
0.56080103
0.56085002
0.56099999
0.56100100
0.56100398
0.56100500
0.56102502
0.56118900
0.56125098
0.56125498
0.56125700
0.56129098
0.56133199
0.56133997
0.56136298
0.56136602
0.56281698
0.56294602
0.56294602
0.56296301
0.56296402
0.56298500
0.56304699
0.56317198
0.56331098
0.56333202
0.56335801
0.56348401
0.56348902
0.56349802
0.56350201
0.56350201
0.56350303
0.56350398
0.56350499
0.56350499
0.56351000
0.56351900
0.56352699
0.56353402
0.56353801
0.56354702
0.56354702
0.56355399
0.56355602
0.56355703
0.56360799
0.56365103
0.56368202
0.56369400
0.56438500
0.56473202
0.56504601
0.56511003
0.56511801
0.56517702
0.56519300
0.56519502
0.56520498
0.56520498
0.56520498
0.56520700
0.56521398
0.56521797
0.56522101
0.56522697
0.56523597
0.56525302
0.56525803
0.56528598
0.56528598
0.56528902
0.56530100
0.56530201
0.56536198
0.56536400
0.56537002
0.56539297
0.56540698
0.56555903
0.56565303
0.56566697
0.56575501
0.56581199
0.56590497
0.56600499
0.56616098
0.56630802
0.56645697
0.56657600
0.56660402
0.56672198
0.56680501
0.56684500
0.56686300
0.56686401
0.56698102
0.56699598
0.56700301
0.56700402
0.56701797
0.56702697
0.56703901
0.56707001
0.56713402
0.56716400
0.56808901
0.56809598
0.56810600
0.56815898
0.56852698
0.56855601
0.56855798
0.56856102
0.56856298
0.56856400
0.56856400
0.56880897
0.56883001
0.56883103
0.56884098
0.56884497
0.56892598
0.56894302
0.56894302
0.56894797
0.56894797
0.56898499
0.56971198
0.56972098
0.56974298
0.56974399
0.56975502
0.56976002
0.56981802
0.56982499
0.56986201
0.56987399
0.56988603
0.56989199
0.56990200
0.56990403
0.56991798
0.56991899
0.56991899
0.56995702
0.56996799
0.57005602
0.57016897
0.57046801
0.57048601
0.57097399
0.57119101
0.57137799
0.57145298
0.57209498
0.57210100
0.57294899
0.57778901
0.57783198
0.57788497
0.57812297
0.57873398
0.57880199
0.57883602
0.57884502
0.57885802
0.57886398
0.57887000
0.57887000
0.57887298
0.57887399
0.57887399
0.57887501
0.57888001
0.57888502
0.57889003
0.57889402
0.57889402
0.57889801
0.57889801
0.57890302
0.57890499
0.57891297
0.57891297
0.57894701
0.57913899
0.57916802
0.57923001
0.57928300
0.57950002
0.57995498
0.58001202
0.58008999
0.58015001
0.58022201
0.58030099
0.58115500
0.58206302
0.58209002
0.58210999
0.58217901
0.58222997
0.58237398
0.58242297
0.58312100
0.58359700
0.58368200
0.58370697
0.58371103
0.58373100
0.58373398
0.58374101
0.58378297
0.58389598
0.58392900
0.58393002
0.58393103
0.58393198
0.58393598
0.58393699
0.58394003
0.58394098
0.58394200
0.58400297
0.58401102
0.58401197
0.58401400
0.58409202
0.58409202
0.58409202
0.58409297
0.58409798
0.58410102
0.58420002
0.58420098
0.58421999
0.58430499
0.58432698
0.58450401
0.58452898
0.58454102
0.58472002
0.58474898
0.58480603
0.58484000
0.58486998
0.58487201
0.58487201
0.58489102
0.58499098
0.58501399
0.58501399
0.58502501
0.58502501
0.58503097
0.58508497
0.58519799
0.58566999
0.58567601
0.58615202
0.58622199
0.58622199
0.58622998
0.58626401
0.58631200
0.58631200
0.58633798
0.58634698
0.58637202
0.58644497
0.58648998
0.58663100
0.58674097
0.58677399
0.58678502
0.58692598
0.58708298
0.58711803
0.58816600
0.58840603
0.58846998
0.58853102
0.58857399
0.58858901
0.58865100
0.58868998
0.58872300
0.58875102
0.58875799
0.58880699
0.58881098
0.58882397
0.58885503
0.58887702
0.58890301
0.58890498
0.58898801
0.58910298
0.58911198
0.58911699
0.58920598
0.58921301
0.58925998
0.58926100
0.58930600
0.58930999
0.58934402
0.58934897
0.58935100
0.58936501
0.58938801
0.58939397
0.58966601
0.58978403
0.59085298
0.59096199
0.59109199
0.59128797
0.59135199
0.59260398
0.59267098
0.59267300
0.59290600
0.59307098
0.59309202
0.59310001
0.59311497
0.59315097
0.59316403
0.59317201
0.59319901
0.59464097
0.59464401
0.59466100
0.59466100
0.59467101
0.59467500
0.59467697
0.59468299
0.59469098
0.59469903
0.59470302
0.59471297
0.59471399
0.59471500
0.59473503
0.59473902
0.59474099
0.59477502
0.59477699
0.59478301
0.59478301
0.59480202
0.59480298
0.59480703
0.59481001
0.59483802
0.59483802
0.59503502
0.59656602
0.59658003
0.59658003
0.59658998
0.59660798
0.59661502
0.59663600
0.59663898
0.59665102
0.59665197
0.59665400
0.59666300
0.59668100
0.59677202
0.59678900
0.59682602
0.59682602
0.59682900
0.59683001
0.59683400
0.59683400
0.59684902
0.59685701
0.59689200
0.59689200
0.59696299
0.59702200
0.59735501
0.59736800
0.59741998
0.59741998
0.59753102
0.59769303
0.59773701
0.59774703
0.60024798
0.60039997
0.60040200
0.60040998
0.60041100
0.60043502
0.60048801
0.60051000
0.60052902
0.60084099
0.60104698
0.60117602
0.60120499
0.60139698
0.60157597
0.60159802
0.60164303
0.60164702
0.60166597
0.60173702
0.60178602
0.60179800
0.60192299
0.60231102
0.60284400
0.60318100
0.60334200
0.60346103
0.60356498
0.60389000
0.60408998
0.60412800
0.60416400
0.60513997
0.60521901
0.60536498
0.60538399
0.60538799
0.60541099
0.60552502
0.60566300
0.60568202
0.60569203
0.60572201
0.60580099
0.60581398
0.60589600
0.60594898
0.60597998
0.60622102
0.60623801
0.60625398
0.60653299
0.60676199
0.60681498
0.60692000
0.61119503
0.61121500
0.61135298
0.61148798
0.61149400
0.61149400
0.61164302
0.61229300
0.61230600
0.61231202
0.61233503
0.61239398
0.61240202
0.61250800
0.61250901
0.61265898
0.61289197
0.61302000
0.61321098
0.61321199
0.61329103
0.61329299
0.61329502
0.61329800
0.61330801
0.61330903
0.61335200
0.61496502
0.61607802
0.61612302
0.61612302
0.61613399
0.61613798
0.61615002
0.61616600
0.61616600
0.61616898
0.61626703
0.61630303
0.61644900
0.61646003
0.61647701
0.61649501
0.61650902
0.61655998
0.61676401
0.61684901
0.61685097
0.61685199
0.61690003
0.61846000
0.61864501
0.61866999
0.61871600
0.61872298
0.61878598
0.61879498
0.61891401
0.61902303
0.61904001
0.61910701
0.61914802
0.61915499
0.61916602
0.61919600
0.61923701
0.61927098
0.61930299
0.61948800
0.61952198
0.61956000
0.61957198
0.61967999
0.61969799
0.61970001
0.61970401
0.61970901
0.61971301
0.61972398
0.61974001
0.61975300
0.61975300
0.61975801
0.61975801
0.61975998
0.61977899
0.61986798
0.61986798
0.61988699
0.61989301
0.61995202
0.62001699
0.62014800
0.62016398
0.62021399
0.62022698
0.62025303
0.62027401
0.62027901
0.62031198
0.62064600
0.62104499
0.62139702
0.62141401
0.62141800
0.62144101
0.62144297
0.62155199
0.62155598
0.62158602
0.62159801
0.62170601
0.62172598
0.62180501
0.62185299
0.62186801
0.62187302
0.62198299
0.62207699
0.62218302
0.62218398
0.62218601
0.62219203
0.62219799
0.62223297
0.62223601
0.62234098
0.62234402
0.62234497
0.62235200
0.62240702
0.62245703
0.62246102
0.62247300
0.62249398
0.62249601
0.62249601
0.62249798
0.62249798
0.62250298
0.62250698
0.62250799
0.62251300
0.62251401
0.62251598
0.62252003
0.62252200
0.62252301
0.62252301
0.62252599
0.62253898
0.62262398
0.62263501
0.62263602
0.62264401
0.62274402
0.62282401
0.62284797
0.62285101
0.62296301
0.62296700
0.62298101
0.62298298
0.62301499
0.62303001
0.62303400
0.62303698
0.62304097
0.62304199
0.62304401
0.62304699
0.62305099
0.62305403
0.62305599
0.62305802
0.62306303
0.62308598
0.62312299
0.62313902
0.62331700
0.62332201
0.62344301
0.62344301
0.62345397
0.62346101
0.62349099
0.62352097
0.62352699
0.62354499
0.62380099
0.62380600
0.62382197
0.62382299
0.62382400
0.62382400
0.62382501
0.62385100
0.62385201
0.62385798
0.62387902
0.62388003
0.62392300
0.62393099
0.62413102
0.62413198
0.62554401
0.62559998
0.62570602
0.62577099
0.62577099
0.62580699
0.62581402
0.62583202
0.62588900
0.62602901
0.62613899
0.62620002
0.62642401
0.62695700
0.62705398
0.62705702
0.62705702
0.62708700
0.62708700
0.62709898
0.62710398
0.62710398
0.62710398
0.62712198
0.62712198
0.62712902
0.62713498
0.62713498
0.62713498
0.62713498
0.62713498
0.62713498
0.62713897
0.62713999
0.62713999
0.62714797
0.62715101
0.62719703
0.62720501
0.62720901
0.62721002
0.62722099
0.62722498
0.62722701
0.62722802
0.62722898
0.62722999
0.62723303
0.62724102
0.62724799
0.62724900
0.62725103
0.62725502
0.62725598
0.62728500
0.62729001
0.62729102
0.62729800
0.62729800
0.62729800
0.62729800
0.62729800
0.62731397
0.62733197
0.62748599
0.62750202
0.62750399
0.62750399
0.62753099
0.62753099
0.62753099
0.62753201
0.62753201
0.62754500
0.62754703
0.62754703
0.62754798
0.62755698
0.62758100
0.62758499
0.62763298
0.62765598
0.62767398
0.62768197
0.62769800
0.62770301
0.62771499
0.62785500
0.62785602
0.62785798
0.62786001
0.62786102
0.62787300
0.62787497
0.62788802
0.62789100
0.62789601
0.62789601
0.62789702
0.62789702
0.62790501
0.62802702
0.62806797
0.62809700
0.62810498
0.62810802
0.62810999
0.62811202
0.62811202
0.62813097
0.62813300
0.62813801
0.62814498
0.62815601
0.62815601
0.62815797
0.62818402
0.62818497
0.62818998
0.62819397
0.62821102
0.62821198
0.62822998
0.62826103
0.62827098
0.62835300
0.62835997
0.62845802
0.62851202
0.62867397
0.62869102
0.62869602
0.62889200
0.62892801
0.62909502
0.62919098
0.62922502
0.62941098
0.62944001
0.62956601
0.62975401
0.62975502
0.62986499
0.62986898
0.62987298
0.62987298
0.62989998
0.62991500
0.62991500
0.62999099
0.63000202
0.63000399
0.63000703
0.63001102
0.63001698
0.63004899
0.63007897
0.63010299
0.63014799
0.63015699
0.63016897
0.63019598
0.63020599
0.63021302
0.63022101
0.63023698
0.63024700
0.63025498
0.63036197
0.63038599
0.63040501
0.63044202
0.63045800
0.63049299
0.63053298
0.63070399
0.63080698
0.63087398
0.63093901
0.63094300
0.63094902
0.63095999
0.63097900
0.63120103
0.63153100
0.63154399
0.63155198
0.63156199
0.63156599
0.63166797
0.63167500
0.63172603
0.63173598
0.63179398
0.63186699
0.63192397
0.63195300
0.63195401
0.63198602
0.63203597
0.63209200
0.63274801
0.63276201
0.63309401
0.63314199
0.63316602
0.63317299
0.63318402
0.63318598
0.63318902
0.63319403
0.63319802
0.63319898
0.63319898
0.63320798
0.63322800
0.63322902
0.63324797
0.63328600
0.63328701
0.63328898
0.63329703
0.63330400
0.63331401
0.63335598
0.63336003
0.63336003
0.63480502
0.63491303
0.63491899
0.63491899
0.63492000
0.63497502
0.63498700
0.63500398
0.63508099
0.63522500
0.63522899
0.63524801
0.63546300
0.63555002
0.63559902
0.63568699
0.63568801
0.63568997
0.63570100
0.63570201
0.63571399
0.63571501
0.63572699
0.63573098
0.63573903
0.63573998
0.63576502
0.63576901
0.63577598
0.63578099
0.63583499
0.63589400
0.63589799
0.63590097
0.63590401
0.63594103
0.63631099
0.63632298
0.63635600
0.63642102
0.63642597
0.63642901
0.63643098
0.63643098
0.63643903
0.63644302
0.63644302
0.63659900
0.63660002
0.63668001
0.63669801
0.63669997
0.63669997
0.63670599
0.63672000
0.63673198
0.63680601
0.63687003
0.63689202
0.63691902
0.63691902
0.63692898
0.63696700
0.63696700
0.63697201
0.63697302
0.63697398
0.63697600
0.63700199
0.63700300
0.63701099
0.63702101
0.63702899
0.63702899
0.63703299
0.63705403
0.63714200
0.63715899
0.63716203
0.63717502
0.63720399
0.63724101
0.63726997
0.63746202
0.63746202
0.63746297
0.63747299
0.63758701
0.63758802
0.63761002
0.63761300
0.63761300
0.63761598
0.63762403
0.63762403
0.63762498
0.63765299
0.63765299
0.63765401
0.63768297
0.63768798
0.63769197
0.63769197
0.63769299
0.63770598
0.63770700
0.63771200
0.63771600
0.63771802
0.63772100
0.63773203
0.63773698
0.63775700
0.63775897
0.63775897
0.63777602
0.63778698
0.63781202
0.63781899
0.63782299
0.63783401
0.63783902
0.63785100
0.63785100
0.63785100
0.63785899
0.63786000
0.63786900
0.63787198
0.63788098
0.63788402
0.63788998
0.63791901
0.63792002
0.63792199
0.63793099
0.63793403
0.63794398
0.63796097
0.63796198
0.63797599
0.63798100
0.63798702
0.63803703
0.63806200
0.63806200
0.63821602
0.63822001
0.63826197
0.63827401
0.63834900
0.63835502
0.63835597
0.63835698
0.63836098
0.63836098
0.63836300
0.63837397
0.63837999
0.63839000
0.63839000
0.63839000
0.63840097
0.63842899
0.63844901
0.63844901
0.63845098
0.63845998
0.63846803
0.63847202
0.63847601
0.63847601
0.63849300
0.63921899
0.63932800
0.63959700
0.63974798
0.63975197
0.63975799
0.63984603
0.64050001
0.64073098
0.64081001
0.64086902
0.64088202
0.64088202
0.64088202
0.64089400
0.64089400
0.64090103
0.64109802
0.64114499
0.64126301
0.64135098
0.64135998
0.64136702
0.64137298
0.64140499
0.64141101
0.64141798
0.64145303
0.64150703
0.64152598
0.64154500
0.64158303
0.64282203
0.64289302
0.64289898
0.64298898
0.64305699
0.64313000
0.64316702
0.64323199
0.64324600
0.64351898
0.64352399
0.64357501
0.64358199
0.64365900
0.64367402
0.64376497
0.64377499
0.64377701
0.64380801
0.64382303
0.64383698
0.64398801
0.64482301
0.64483398
0.64488000
0.64489299
0.64494598
0.64502198
0.64504099
0.64535701
0.64617699
0.64635098
0.64639801
0.64651901
0.64652300
0.64658803
0.64665002
0.64665699
0.64670002
0.64672101
0.64674503
0.64674503
0.64674699
0.64674801
0.64674902
0.64677399
0.64677501
0.64677799
0.64678299
0.64679199
0.64679301
0.64679700
0.64680099
0.64680499
0.64680499
0.64683098
0.64683098
0.64684302
0.64686900
0.64688200
0.64688301
0.64688802
0.64690101
0.64690697
0.64690900
0.64692402
0.64692903
0.64692998
0.64693701
0.64696002
0.64696503
0.64699501
0.64709699
0.64714903
0.64719701
0.64719898
0.64721000
0.64845699
0.64859998
0.64860201
0.64887798
0.64888698
0.64888799
0.64891702
0.64893699
0.64894199
0.64894402
0.64898503
0.64906502
0.64906597
0.64912897
0.64926898
0.64929098
0.64930099
0.64934403
0.64935100
0.64942402
0.64942402
0.64942598
0.64947897
0.64948797
0.64968801
0.64969301
0.64970499
0.64970797
0.64971602
0.64972001
0.64972001
0.64972299
0.64980799
0.64984697
0.64985698
0.64987200
0.64987397
0.64988399
0.64996397
0.65003902
0.65003997
0.65004897
0.65006101
0.65006298
0.65007800
0.65008599
0.65008700
0.65009999
0.65014398
0.65014899
0.65015298
0.65015501
0.65016401
0.65017200
0.65018702
0.65030998
0.65032703
0.65043300
0.65049201
0.65049303
0.65049303
0.65049303
0.65049303
0.65049303
0.65056902
0.65056998
0.65060800
0.65061098
0.65061200
0.65061301
0.65061301
0.65061402
0.65061402
0.65061998
0.65061998
0.65061998
0.65061998
0.65062499
0.65064299
0.65064597
0.65066099
0.65066302
0.65067703
0.65073502
0.65074098
0.65074497
0.65075099
0.65076900
0.65078199
0.65078598
0.65079200
0.65079302
0.65083200
0.65090603
0.65110499
0.65110898
0.65111500
0.65111500
0.65112299
0.65112698
0.65112799
0.65113401
0.65113503
0.65114200
0.65125400
0.65160203
0.65188801
0.65197998
0.65200400
0.65204602
0.65205097
0.65312397
0.65321898
0.65321898
0.65321898
0.65321898
0.65322000
0.65324497
0.65324599
0.65324998
0.65328699
0.65329701
0.65342301
0.65355098
0.65355301
0.65355301
0.65355700
0.65355700
0.65355700
0.65355700
0.65355700
0.65358102
0.65358102
0.65358102
0.65358102
0.65358102
0.65359300
0.65359300
0.65359598
0.65359700
0.65361500
0.65361899
0.65362000
0.65362000
0.65362102
0.65362102
0.65362102
0.65362102
0.65362102
0.65362102
0.65363902
0.65363902
0.65363997
0.65365201
0.65365398
0.65366697
0.65369201
0.65372503
0.65395200
0.65431100
0.65431303
0.65432203
0.65432602
0.65433300
0.65434998
0.65438902
0.65440398
0.65442902
0.65443897
0.65446001
0.65449798
0.65451801
0.65458298
0.65459901
0.65460098
0.65460098
0.65460098
0.65461999
0.65462101
0.65462703
0.65462703
0.65462798
0.65462798
0.65462798
0.65463400
0.65465498
0.65465599
0.65466303
0.65466702
0.65467000
0.65467203
0.65467399
0.65467399
0.65473998
0.65474600
0.65476102
0.65476203
0.65485197
0.65485501
0.65486199
0.65493602
0.65512502
0.65520799
0.65522301
0.65525198
0.65529197
0.65529901
0.65531999
0.65531999
0.65532100
0.65534300
0.65535802
0.65536797
0.65536797
0.65539098
0.65545201
0.65549302
0.65549803
0.65550202
0.65552199
0.65553802
0.65554100
0.65554601
0.65555102
0.65561002
0.65562999
0.65563297
0.65564799
0.65565401
0.65568298
0.65570199
0.65571898
0.65571898
0.65710098
0.65713102
0.65717500
0.65723503
0.65724999
0.65737098
0.65738600
0.65738600
0.65739399
0.65742803
0.65744501
0.65749300
0.65757501
0.65758598
0.65758902
0.65758997
0.65763003
0.65763402
0.65764397
0.65769202
0.65771502
0.65774697
0.65777397
0.65777999
0.65778100
0.65778399
0.65779901
0.65780503
0.65780598
0.65784198
0.65787601
0.65787798
0.65790802
0.65791500
0.65792501
0.65792602
0.65797597
0.65799302
0.65800297
0.65800399
0.65802097
0.65803498
0.65808398
0.65810001
0.65822101
0.65825802
0.65828198
0.65829402
0.65829700
0.65829802
0.65830702
0.65832502
0.65833300
0.65835500
0.65836298
0.65837002
0.65837300
0.65841299
0.65841597
0.65842801
0.65843397
0.65844101
0.65845400
0.65847898
0.65851903
0.65852100
0.65852499
0.65858299
0.65862101
0.65862799
0.65867400
0.65910202
0.65910900
0.65911299
0.65912300
0.65912902
0.65913498
0.65913802
0.65914398
0.65937299
0.65939599
0.65940797
0.65942001
0.65942299
0.65942800
0.65943801
0.65944600
0.65944999
0.65945101
0.65945297
0.65945500
0.65945703
0.65947998
0.65948898
0.65950698
0.65952098
0.65953702
0.65959698
0.65961200
0.65962702
0.65962899
0.65963203
0.65963203
0.65963799
0.65969199
0.65970099
0.65971202
0.65971702
0.65972298
0.65973002
0.65973198
0.65974498
0.65974802
0.65974998
0.65975201
0.65975302
0.65977001
0.65980202
0.65981698
0.65982801
0.65986001
0.65992302
0.65992397
0.65992397
0.65992498
0.65992600
0.65992600
0.65995198
0.65997797
0.65997797
0.66001499
0.66002601
0.66029501
0.66121298
0.66157001
0.66165400
0.66182703
0.66185999
0.66187102
0.66222602
0.66226298
0.66226703
0.66226703
0.66227299
0.66227400
0.66228098
0.66230100
0.66233301
0.66304803
0.66384500
0.66386002
0.66386902
0.66387802
0.66393298
0.66395098
0.66395098
0.66395098
0.66395700
0.66396302
0.66396397
0.66402102
0.66406202
0.66406602
0.66413701
0.66413999
0.66414303
0.66487700
0.66489601
0.66491902
0.66491902
0.66493899
0.66494799
0.66494799
0.66495001
0.66495299
0.66497600
0.66498297
0.66498500
0.66498500
0.66523600
0.66544503
0.66546702
0.66549897
0.66550100
0.66550201
0.66553098
0.66558897
0.66565400
0.66565400
0.66565400
0.66565502
0.66566098
0.66568601
0.66568601
0.66568601
0.66568601
0.66568601
0.66568601
0.66569400
0.66572899
0.66573000
0.66573000
0.66573203
0.66573602
0.66573799
0.66575497
0.66578603
0.66580701
0.66581100
0.66581398
0.66581398
0.66582799
0.66586298
0.66595697
0.66597003
0.66601503
0.66601902
0.66602403
0.66602701
0.66602802
0.66602898
0.66603601
0.66603601
0.66604298
0.66606498
0.66606498
0.66606498
0.66606599
0.66606599
0.66606599
0.66606998
0.66607100
0.66607100
0.66607702
0.66607797
0.66607898
0.66607898
0.66608202
0.66608298
0.66617799
0.66620898
0.66621798
0.66632801
0.66635901
0.66636801
0.66636902
0.66638398
0.66641599
0.66642302
0.66648799
0.66653699
0.66658801
0.66658902
0.66684300
0.66688597
0.66702598
0.66708398
0.66710502
0.66751301
0.66754198
0.66755098
0.66755199
0.66755402
0.66759300
0.66759503
0.66759801
0.66760403
0.66761702
0.66763902
0.66763902
0.66764897
0.66772699
0.66773301
0.66773498
0.66773802
0.66774100
0.66774303
0.66774899
0.66775298
0.66777802
0.66778100
0.66779602
0.66784000
0.66784602
0.66785002
0.66785097
0.66785800
0.66786200
0.66786301
0.66786897
0.66786897
0.66787797
0.66791099
0.66791302
0.66794199
0.66799498
0.66799498
0.66801000
0.66802698
0.66814601
0.66815299
0.66818500
0.66819400
0.66821802
0.66821897
0.66821998
0.66822302
0.66824299
0.66825700
0.66829801
0.66834301
0.66841602
0.66861397
0.66861498
0.66865200
0.66866100
0.66881800
0.66882199
0.66915601
0.66917998
0.66939598
0.66949099
0.66963297
0.66969001
0.66982901
0.66984802
0.66984802
0.66986197
0.66989398
0.66989601
0.66992402
0.66997701
0.66999102
0.66999602
0.67000097
0.67009801
0.67012399
0.67012501
0.67014301
0.67014998
0.67015803
0.67017001
0.67017502
0.67019701
0.67019802
0.67020297
0.67023402
0.67027003
0.67032999
0.67035300
0.67035502
0.67041397
0.67041498
0.67074603
0.67075801
0.67075902
0.67075998
0.67078298
0.67078602
0.67084497
0.67091000
0.67091203
0.67091203
0.67092103
0.67131400
0.67174798
0.67175001
0.67176998
0.67178798
0.67179102
0.67179900
0.67180002
0.67180300
0.67185700
0.67186600
0.67191499
0.67191601
0.67192101
0.67193300
0.67193502
0.67193502
0.67193502
0.67193800
0.67203897
0.67205101
0.67205399
0.67207301
0.67209101
0.67212999
0.67214203
0.67215198
0.67215598
0.67216498
0.67217499
0.67217702
0.67219597
0.67222202
0.67222297
0.67222399
0.67222500
0.67222601
0.67223698
0.67232800
0.67247897
0.67265302
0.67265499
0.67265803
0.67273498
0.67274898
0.67278701
0.67279202
0.67279702
0.67280102
0.67282802
0.67289001
0.67289799
0.67290002
0.67290097
0.67290199
0.67290902
0.67383498
0.67384201
0.67384303
0.67393702
0.67395401
0.67395502
0.67396897
0.67400700
0.67415899
0.67456800
0.67457098
0.67463100
0.67475998
0.67484897
0.67485797
0.67487299
0.67488903
0.67490298
0.67491001
0.67491400
0.67491400
0.67491603
0.67491800
0.67493099
0.67517900
0.67538297
0.67538399
0.67540801
0.67540801
0.67540801
0.67541099
0.67541301
0.67542100
0.67542100
0.67542100
0.67542601
0.67544299
0.67546302
0.67547601
0.67548102
0.67548299
0.67551398
0.67555302
0.67577201
0.67578900
0.67579103
0.67579198
0.67579299
0.67580003
0.67581499
0.67581499
0.67583400
0.67583603
0.67584699
0.67588300
0.67595500
0.67668003
0.67693597
0.67696202
0.67698097
0.67698300
0.67701799
0.67710698
0.67715001
0.67715198
0.67730999
0.67742699
0.67774802
0.67782700
0.67782700
0.67784101
0.67784101
0.67784297
0.67786700
0.67789400
0.67790502
0.67791301
0.67791402
0.67813897
0.67814702
0.67834198
0.67836601
0.67836797
0.67838699
0.67842799
0.67846501
0.67847598
0.67847598
0.67850399
0.67851901
0.67853498
0.67859298
0.67859399
0.67860901
0.67860901
0.67861301
0.67861599
0.67865801
0.67866999
0.67867303
0.67867398
0.67867601
0.67867899
0.67868102
0.67868501
0.67869002
0.67869300
0.67869401
0.67870498
0.67871302
0.67871600
0.67871702
0.67876297
0.67880601
0.67882103
0.67903101
0.67906100
0.67906100
0.67906100
0.67911100
0.67913699
0.67913800
0.67917001
0.67923301
0.67924500
0.67936599
0.67936897
0.67938602
0.67938697
0.67938799
0.67941201
0.67941999
0.67944801
0.67944801
0.67944902
0.67944998
0.67945802
0.67948002
0.67948300
0.67949301
0.67953098
0.67983001
0.68023098
0.68074501
0.68109900
0.68125999
0.68131298
0.68131900
0.68132502
0.68133497
0.68134701
0.68136603
0.68139702
0.68140000
0.68143898
0.68145800
0.68148899
0.68150198
0.68153000
0.68154502
0.68154597
0.68155098
0.68155199
0.68156397
0.68157601
0.68157899
0.68158001
0.68158400
0.68159199
0.68160099
0.68160200
0.68161500
0.68161899
0.68162102
0.68162900
0.68168300
0.68171602
0.68171698
0.68177301
0.68179202
0.68179399
0.68181998
0.68182498
0.68182498
0.68182600
0.68183398
0.68190300
0.68190402
0.68190402
0.68191099
0.68191200
0.68192101
0.68193799
0.68194097
0.68194401
0.68205500
0.68205798
0.68206400
0.68206799
0.68256301
0.68256903
0.68259102
0.68259501
0.68259603
0.68263203
0.68263298
0.68263698
0.68264598
0.68267202
0.68267202
0.68267298
0.68337399
0.68410498
0.68413597
0.68464899
0.68538702
0.68540603
0.68542498
0.68542898
0.68543601
0.68545300
0.68547302
0.68547302
0.68547899
0.68547899
0.68548203
0.68548298
0.68549198
0.68549502
0.68549502
0.68549800
0.68551600
0.68559802
0.68559903
0.68562001
0.68562198
0.68567598
0.68574798
0.68581802
0.68590099
0.68591201
0.68591398
0.68592697
0.68593901
0.68594098
0.68596703
0.68597198
0.68597400
0.68598098
0.68598300
0.68598402
0.68599999
0.68600100
0.68601602
0.68602300
0.68602300
0.68602997
0.68603098
0.68603402
0.68604302
0.68605298
0.68606198
0.68606597
0.68607998
0.68608803
0.68609500
0.68619698
0.68620002
0.68620098
0.68620098
0.68620098
0.68620199
0.68620199
0.68620199
0.68620199
0.68620598
0.68621802
0.68623799
0.68624800
0.68624902
0.68624902
0.68631297
0.68632102
0.68632603
0.68642098
0.68642801
0.68643200
0.68643397
0.68643498
0.68644100
0.68644202
0.68645197
0.68645298
0.68645602
0.68652397
0.68652499
0.68652499
0.68652499
0.68652499
0.68652499
0.68652499
0.68652499
0.68653202
0.68653202
0.68653202
0.68653202
0.68654001
0.68655097
0.68655097
0.68655598
0.68655598
0.68655598
0.68655598
0.68655598
0.68656301
0.68656301
0.68656301
0.68656301
0.68656301
0.68656301
0.68656802
0.68656802
0.68656802
0.68656802
0.68656802
0.68656802
0.68656802
0.68656802
0.68656802
0.68656802
0.68656802
0.68656898
0.68657398
0.68658203
0.68658203
0.68658203
0.68659800
0.68659902
0.68659902
0.68671203
0.68671203
0.68671298
0.68671298
0.68671298
0.68671298
0.68674201
0.68674201
0.68674201
0.68674999
0.68676198
0.68676800
0.68677300
0.68678302
0.68680102
0.68680602
0.68680602
0.68681002
0.68681300
0.68682897
0.68682998
0.68683201
0.68683600
0.68683600
0.68683797
0.68684000
0.68684101
0.68685198
0.68685800
0.68687302
0.68688500
0.68689102
0.68691999
0.68694299
0.68721402
0.68722600
0.68724197
0.68724197
0.68725002
0.68725502
0.68725902
0.68726498
0.68726897
0.68727303
0.68728101
0.68729800
0.68729800
0.68729800
0.68730098
0.68738103
0.68739599
0.68744701
0.68748099
0.68748200
0.68750000
0.68751901
0.68752700
0.68752801
0.68754703
0.68755001
0.68755198
0.68759102
0.68761402
0.68761897
0.68762600
0.68766600
0.68781698
0.68782097
0.68782502
0.68783700
0.68785203
0.68785298
0.68785799
0.68785799
0.68787903
0.68789703
0.68790299
0.68793100
0.68797100
0.68799502
0.68800998
0.68800998
0.68806100
0.68836498
0.68838501
0.68852401
0.68852901
0.68854100
0.68854898
0.68856102
0.68860298
0.68861902
0.68882000
0.68884200
0.68923599
0.68927699
0.68932599
0.68937701
0.68940902
0.68941402
0.68941802
0.68943501
0.68945098
0.68947500
0.68948299
0.68951601
0.68954402
0.68956703
0.68957102
0.68958002
0.68962801
0.68969703
0.68969703
0.68969703
0.68969703
0.68969798
0.68969899
0.68974000
0.68976700
0.68977100
0.68977499
0.68977499
0.68977702
0.68978202
0.68978602
0.68979597
0.68979597
0.68983299
0.68983901
0.69071400
0.69080400
0.69080502
0.69081903
0.69083500
0.69083500
0.69083703
0.69083798
0.69084001
0.69084603
0.69085401
0.69086701
0.69087398
0.69087398
0.69089901
0.69134402
0.69149500
0.69157201
0.69157302
0.69157600
0.69157702
0.69160300
0.69161302
0.69166100
0.69346797
0.69347101
0.69347203
0.69347203
0.69347298
0.69357401
0.69368303
0.69374400
0.69383401
0.69387001
0.69387102
0.69387197
0.69387800
0.69399703
0.69399703
0.69399798
0.69399899
0.69400102
0.69400799
0.69423199
0.69423300
0.69426399
0.69427902
0.69438303
0.69438797
0.69443899
0.69444197
0.69445401
0.69446403
0.69467503
0.69468498
0.69469202
0.69469303
0.69470602
0.69470602
0.69470799
0.69473302
0.69474000
0.69474602
0.69474602
0.69474900
0.69476098
0.69476902
0.69477099
0.69478703
0.69482797
0.69483697
0.69484699
0.69484901
0.69486201
0.69500500
0.69500798
0.69503403
0.69505900
0.69506001
0.69513297
0.69520301
0.69524902
0.69526798
0.69528103
0.69528300
0.69529802
0.69531798
0.69536102
0.69536197
0.69537902
0.69539201
0.69557399
0.69606400
0.69619697
0.69640201
0.69663697
0.69670802
0.69676399
0.69679201
0.69681299
0.69681603
0.69695503
0.69702601
0.69703400
0.69720501
0.69720697
0.69721901
0.69723499
0.69726098
0.69727403
0.69730699
0.69730997
0.69734800
0.69736999
0.69741201
0.69754702
0.69758397
0.69767201
0.69775403
0.69792598
0.69807601
0.69811398
0.69816202
0.69816399
0.69837397
0.69857597
0.69858402
0.69860202
0.69913900
0.69919199
0.69966501
0.69967502
0.69986397
0.69989598
0.70012802
0.70017499
0.70020199
0.70051998
0.70055401
0.70066202
0.70067298
0.70069700
0.70070899
0.70071000
0.70075399
0.70075500
0.70077097
0.70078403
0.70084000
0.70085502
0.70085597
0.70087600
0.70089102
0.70090097
0.70090401
0.70092100
0.70092499
0.70092797
0.70093399
0.70093602
0.70094299
0.70095199
0.70095301
0.70097500
0.70098299
0.70100898
0.70106697
0.70110202
0.70114899
0.70116001
0.70128202
0.70133603
0.70134997
0.70138299
0.70139998
0.70145899
0.70147300
0.70149797
0.70151502
0.70283902
0.70285600
0.70288497
0.70288497
0.70289099
0.70289201
0.70317501
0.70324600
0.70325297
0.70334101
0.70357698
0.70370501
0.70387697
0.70429599
0.70485097
0.70491201
0.70493001
0.70505500
0.70582700
0.70582801
0.70582902
0.70583802
0.70604497
0.70617098
0.70617503
0.70623201
0.70628798
0.70629400
0.70631802
0.70631897
0.70631999
0.70632100
0.70635700
0.70642602
0.70643300
0.70695502
0.70801902
0.70884901
0.70933402
0.70933598
0.70934403
0.70935798
0.70935798
0.70938498
0.70942801
0.70942998
0.70943898
0.70944399
0.70955199
0.70965803
0.70965999
0.70966101
0.70967001
0.70969099
0.70970798
0.70971102
0.70976502
0.70993900
0.70996302
0.70998698
0.71001101
0.71001399
0.71001798
0.71003401
0.71094102
0.71098202
0.71098602
0.71099299
0.71100003
0.71100903
0.71101302
0.71106499
0.71114302
0.71135098
0.71150702
0.71158600
0.71223998
0.71285599
0.71339202
0.71340603
0.71341598
0.71341902
0.71342802
0.71343899
0.71356100
0.71381599
0.71383297
0.71385700
0.71387798
0.71388900
0.71400797
0.71408302
0.71410102
0.71424800
0.71424901
0.71430099
0.71433401
0.71433800
0.71440297
0.71442598
0.71444601
0.71577698
0.71578598
0.71583700
0.71681398
0.71683103
0.71685600
0.71694100
0.71695697
0.71698803
0.71754903
0.71757001
0.71758199
0.71764398
0.71764702
0.71766299
0.71766299
0.71766502
0.71766800
0.71774101
0.71774501
0.71775901
0.71776003
0.71776098
0.71777701
0.71777803
0.71778899
0.71778899
0.71779001
0.71779400
0.71779400
0.71779400
0.71779400
0.71779501
0.71781200
0.71781301
0.71796697
0.71802402
0.71811497
0.71811700
0.71812099
0.71814001
0.71815002
0.71815300
0.71817797
0.71817899
0.71818697
0.71821898
0.71823502
0.71823800
0.71823800
0.71824700
0.71824801
0.71825200
0.71825200
0.71833098
0.71840298
0.71842301
0.71842802
0.71842998
0.71852100
0.71888101
0.71897799
0.71900499
0.71902603
0.71903801
0.71931601
0.71935898
0.71949601
0.71950197
0.71953499
0.71957201
0.71957999
0.71964598
0.71987402
0.71991199
0.71997797
0.72006601
0.72011298
0.72031999
0.72033602
0.72033799
0.72034103
0.72035998
0.72038001
0.72052699
0.72063899
0.72073299
0.72085702
0.72086197
0.72089303
0.72090203
0.72090298
0.72091198
0.72099203
0.72103798
0.72111702
0.72115999
0.72123098
0.72131699
0.72167301
0.72201699
0.72216803
0.72220802
0.72257698
0.72281802
0.72302300
0.72306103
0.72310698
0.72322500
0.72322500
0.72329098
0.72332901
0.72334200
0.72334999
0.72379798
0.72386199
0.72387499
0.72393298
0.72398102
0.72431600
0.72431898
0.72437298
0.72437400
0.72440600
0.72440702
0.72443801
0.72444600
0.72448897
0.72462898
0.72463202
0.72463697
0.72464800
0.72472900
0.72473103
0.72475398
0.72479600
0.72483200
0.72484201
0.72484899
0.72488999
0.72489202
0.72495401
0.72495800
0.72498000
0.72504097
0.72507697
0.72525299
0.72545999
0.72616303
0.72668999
0.72697502
0.72703803
0.72715503
0.72749698
0.72774601
0.72785699
0.72793299
0.72795099
0.72802198
0.72807902
0.72808802
0.72811902
0.72811902
0.72812402
0.72812700
0.72813702
0.72813803
0.72814202
0.72814500
0.72816497
0.72816902
0.72817200
0.72855300
0.72875798
0.72879702
0.72881001
0.72889102
0.72891098
0.72896200
0.72896701
0.72898299
0.72901601
0.72903299
0.72903597
0.72904199
0.72908801
0.72910398
0.72911400
0.72911501
0.72911501
0.72912198
0.72913200
0.72914499
0.72916502
0.72917098
0.72918999
0.72919202
0.72919899
0.72945201
0.72952199
0.72967899
0.72974497
0.73018003
0.73075700
0.73076099
0.73076200
0.73076302
0.73076600
0.73076701
0.73078299
0.73078901
0.73079199
0.73080599
0.73082298
0.73082602
0.73083103
0.73086798
0.73089403
0.73089999
0.73091000
0.73091102
0.73091400
0.73091400
0.73095602
0.73097098
0.73097903
0.73100400
0.73100400
0.73100400
0.73101300
0.73104602
0.73106498
0.73106599
0.73106700
0.73110801
0.73111200
0.73118800
0.73120898
0.73120999
0.73121101
0.73121202
0.73121601
0.73122501
0.73124599
0.73125702
0.73195499
0.73197800
0.73198301
0.73199803
0.73200601
0.73202300
0.73203099
0.73203599
0.73203802
0.73204100
0.73207903
0.73207998
0.73216200
0.73218101
0.73232299
0.73257101
0.73267901
0.73368502
0.73369002
0.73369598
0.73369700
0.73369998
0.73373097
0.73375303
0.73375702
0.73377401
0.73377401
0.73377597
0.73378003
0.73378402
0.73379499
0.73415601
0.73437703
0.73444700
0.73444998
0.73450100
0.73450500
0.73451501
0.73455501
0.73461300
0.73461902
0.73463303
0.73463303
0.73463500
0.73463702
0.73464799
0.73465103
0.73474997
0.73508400
0.73516101
0.73516101
0.73516798
0.73519099
0.73519200
0.73519403
0.73519599
0.73519599
0.73522002
0.73522502
0.73523402
0.73531502
0.73553199
0.73553902
0.73554403
0.73555303
0.73556697
0.73556799
0.73557299
0.73557299
0.73558497
0.73560703
0.73561400
0.73561800
0.73562098
0.73562199
0.73562300
0.73563302
0.73563403
0.73563403
0.73563498
0.73563802
0.73566002
0.73575699
0.73581702
0.73606497
0.73616302
0.73616499
0.73618501
0.73619199
0.73619199
0.73619598
0.73619998
0.73620301
0.73620403
0.73620498
0.73621202
0.73780698
0.73789698
0.73810500
0.73811400
0.73811501
0.73814601
0.73816901
0.73817998
0.73819703
0.73824602
0.73843300
0.73847198
0.73849398
0.73851299
0.73852801
0.73854202
0.73854703
0.73855001
0.73859203
0.73861402
0.73862797
0.73863000
0.73863202
0.73863202
0.73863202
0.73863900
0.73865598
0.73865700
0.73865700
0.73866099
0.73866099
0.73866200
0.73868001
0.73868001
0.73869097
0.73869401
0.73872697
0.73873001
0.73873103
0.73874003
0.73874003
0.73874801
0.73875701
0.73875701
0.73875898
0.73877501
0.73877603
0.73877698
0.73879099
0.73879200
0.73879302
0.73879403
0.73881102
0.73882300
0.73882300
0.73893398
0.73894298
0.73894697
0.73896402
0.73899001
0.73899603
0.73899603
0.73900700
0.73902100
0.73902398
0.73906499
0.73907399
0.73908800
0.73915601
0.73920000
0.73923802
0.73927402
0.73928100
0.73986602
0.73986697
0.73988003
0.73991698
0.73992002
0.73993897
0.73994797
0.73994899
0.73995000
0.73997098
0.73997200
0.73997200
0.73999602
0.74000603
0.74002302
0.74005502
0.74006200
0.74006897
0.74008000
0.74008697
0.74038702
0.74070501
0.74100202
0.74100399
0.74103898
0.74105000
0.74106097
0.74106097
0.74106097
0.74106801
0.74110800
0.74114197
0.74115300
0.74115598
0.74116802
0.74117202
0.74120402
0.74123400
0.74123901
0.74130797
0.74131799
0.74132502
0.74133199
0.74138600
0.74145699
0.74145800
0.74146098
0.74146402
0.74146801
0.74146998
0.74147803
0.74147999
0.74148798
0.74152201
0.74153799
0.74189597
0.74190497
0.74190599
0.74193603
0.74194098
0.74194700
0.74195302
0.74196303
0.74198002
0.74200302
0.74202597
0.74202597
0.74203199
0.74206197
0.74208599
0.74208701
0.74209499
0.74218303
0.74218798
0.74218899
0.74220300
0.74221402
0.74227500
0.74228197
0.74234700
0.74235302
0.74237001
0.74237198
0.74237299
0.74238199
0.74241102
0.74241602
0.74241698
0.74241698
0.74245399
0.74245697
0.74301398
0.74304003
0.74306399
0.74310201
0.74310201
0.74310601
0.74321800
0.74339098
0.74339098
0.74340498
0.74343699
0.74343699
0.74343699
0.74345601
0.74346101
0.74346203
0.74346900
0.74379402
0.74470502
0.74472702
0.74473703
0.74474400
0.74474901
0.74475002
0.74475002
0.74476200
0.74481201
0.74481702
0.74481702
0.74483401
0.74485099
0.74486101
0.74540597
0.74561697
0.74583203
0.74583399
0.74584001
0.74592298
0.74594897
0.74595499
0.74595797
0.74596900
0.74597400
0.74597400
0.74598902
0.74620199
0.74622297
0.74626601
0.74631101
0.74674499
0.74675000
0.74680299
0.74686998
0.74688798
0.74689502
0.74689603
0.74693698
0.74693698
0.74703902
0.74711198
0.74711901
0.74727398
0.74732602
0.74732602
0.74735802
0.74745703
0.74746698
0.74791503
0.74794900
0.74795002
0.74795300
0.74795997
0.74797201
0.74819797
0.74833399
0.74834001
0.74837798
0.74844301
0.74844301
0.74844402
0.74844599
0.74844599
0.74846500
0.74852002
0.74854201
0.74855298
0.74856102
0.74856597
0.74857098
0.74863797
0.74865103
0.74868000
0.74870598
0.74870801
0.74871302
0.74872798
0.74872899
0.74909699
0.74909800
0.74909902
0.74909902
0.74909902
0.74909902
0.74909902
0.74910599
0.74916601
0.74916703
0.74916798
0.74917799
0.74919403
0.74921298
0.74939799
0.74939901
0.74950999
0.75028902
0.75030398
0.75034499
0.75043398
0.75043702
0.75044101
0.75045300
0.75045800
0.75045902
0.75048798
0.75057697
0.75057900
0.75058001
0.75080699
0.75081801
0.75083601
0.75091100
0.75092500
0.75092602
0.75094402
0.75119197
0.75119400
0.75119698
0.75120199
0.75120199
0.75122100
0.75130498
0.75136000
0.75139099
0.75143999
0.75145698
0.75146699
0.75149000
0.75152302
0.75153202
0.75164300
0.75164402
0.75178200
0.75198299
0.75199801
0.75209898
0.75230300
0.75230598
0.75230902
0.75231898
0.75236398
0.75236601
0.75236899
0.75237000
0.75237000
0.75237000
0.75251698
0.75251698
0.75251698
0.75251698
0.75251698
0.75251698
0.75251698
0.75251901
0.75252801
0.75253600
0.75278199
0.75280702
0.75285101
0.75285703
0.75287497
0.75287700
0.75288397
0.75289601
0.75290799
0.75291198
0.75326997
0.75327700
0.75327897
0.75327998
0.75342399
0.75522703
0.75524902
0.75525397
0.75527197
0.75531697
0.75532001
0.75532597
0.75532699
0.75532800
0.75536299
0.75536901
0.75536901
0.75546199
0.75573498
0.75589597
0.75589597
0.75590801
0.75591898
0.75591999
0.75595200
0.75605398
0.75605899
0.75607002
0.75607401
0.75733000
0.75734597
0.75735998
0.75739300
0.75747198
0.75749803
0.75755799
0.75756401
0.75761300
0.75789398
0.75793600
0.75888503
0.75895798
0.75898701
0.75898701
0.75898802
0.75901902
0.75901902
0.75901902
0.75901997
0.75901997
0.75907999
0.75909400
0.75909400
0.75909400
0.75911999
0.75911999
0.75912100
0.75912797
0.75912797
0.75913298
0.75913602
0.75913697
0.75918102
0.75918698
0.75919700
0.75919700
0.75919700
0.75924999
0.75926298
0.75926298
0.75927103
0.75927401
0.75939399
0.75945097
0.75947601
0.75998300
0.76007998
0.76008397
0.76022297
0.76030803
0.76048601
0.76063597
0.76075399
0.76080197
0.76101398
0.76102602
0.76106399
0.76141101
0.76231802
0.76256800
0.76259500
0.76259601
0.76261699
0.76265502
0.76265597
0.76274401
0.76285100
0.76285601
0.76286399
0.76288903
0.76290101
0.76293099
0.76293701
0.76293999
0.76294798
0.76297098
0.76297200
0.76297301
0.76301599
0.76301998
0.76302099
0.76302201
0.76306099
0.76307398
0.76310301
0.76310903
0.76310903
0.76310998
0.76310998
0.76312399
0.76345301
0.76345402
0.76356000
0.76361603
0.76361698
0.76374501
0.76374501
0.76375300
0.76375401
0.76376402
0.76376402
0.76379102
0.76380903
0.76384902
0.76398700
0.76405698
0.76413202
0.76429403
0.76521599
0.76524103
0.76524699
0.76524901
0.76525700
0.76527703
0.76528603
0.76534402
0.76541501
0.76541698
0.76543099
0.76550400
0.76553798
0.76555198
0.76570302
0.76606899
0.76638001
0.76670498
0.76675397
0.76677400
0.76678002
0.76678997
0.76679498
0.76694101
0.76711899
0.76712102
0.76712698
0.76714301
0.76718402
0.76722503
0.76724797
0.76730901
0.76730901
0.76731497
0.76735097
0.76853698
0.76870501
0.76892698
0.76893002
0.76895201
0.76897699
0.76897699
0.76898301
0.76900899
0.76901501
0.76902300
0.76903498
0.76911402
0.76938301
0.76938897
0.76938999
0.76942199
0.76942301
0.76945198
0.76945198
0.76946002
0.76946098
0.76946199
0.76946801
0.76946998
0.76947498
0.76947498
0.76947999
0.76955497
0.76961499
0.77052802
0.77053398
0.77066898
0.77078497
0.77078599
0.77078599
0.77078599
0.77080703
0.77082098
0.77089399
0.77089602
0.77089900
0.77090299
0.77091098
0.77092201
0.77094197
0.77094603
0.77094603
0.77098900
0.77131301
0.77131999
0.77132100
0.77133203
0.77236497
0.77264303
0.77267498
0.77306199
0.77310199
0.77312797
0.77313298
0.77313298
0.77313298
0.77314901
0.77314901
0.77317399
0.77319998
0.77321398
0.77323401
0.77323502
0.77325398
0.77325499
0.77331197
0.77331603
0.77339399
0.77340901
0.77347302
0.77348500
0.77407098
0.77407598
0.77407700
0.77408898
0.77408999
0.77409899
0.77409899
0.77410400
0.77417701
0.77417803
0.77420503
0.77422899
0.77423298
0.77443498
0.77446198
0.77447802
0.77447802
0.77447999
0.77450103
0.77450901
0.77451402
0.77452099
0.77453101
0.77458400
0.77458799
0.77458799
0.77458900
0.77460003
0.77461702
0.77466202
0.77469403
0.77471900
0.77472103
0.77473098
0.77473301
0.77473998
0.77474397
0.77476001
0.77476102
0.77486497
0.77531099
0.77536398
0.77592301
0.77593499
0.77701300
0.77703297
0.77703500
0.77704501
0.77705097
0.77705300
0.77705300
0.77706403
0.77708900
0.77711898
0.77800900
0.77803499
0.77809602
0.77863401
0.77863503
0.77863997
0.77864099
0.77864200
0.77864200
0.77864301
0.77864498
0.77864498
0.77864701
0.77864999
0.77865702
0.77866101
0.77866298
0.77866298
0.77866501
0.77866602
0.77867901
0.77870500
0.77872699
0.77874798
0.77876902
0.77876902
0.77878100
0.77878702
0.77878702
0.77883798
0.77884197
0.77884197
0.77968198
0.77969801
0.77977401
0.77984297
0.77987099
0.77994198
0.77996802
0.77997202
0.78002298
0.78004497
0.78004599
0.78005397
0.78016001
0.78036302
0.78038400
0.78042197
0.78043598
0.78048801
0.78049099
0.78049201
0.78051400
0.78051400
0.78051603
0.78058302
0.78059202
0.78059697
0.78061402
0.78061599
0.78065002
0.78065097
0.78066301
0.78070903
0.78073198
0.78074002
0.78075200
0.78075498
0.78076702
0.78077400
0.78077400
0.78079301
0.78079402
0.78079402
0.78080797
0.78082502
0.78082800
0.78084600
0.78087598
0.78087598
0.78090101
0.78090799
0.78091401
0.78114498
0.78122902
0.78123403
0.78124398
0.78124499
0.78141898
0.78299701
0.78299999
0.78300297
0.78300399
0.78300399
0.78301299
0.78303599
0.78414398
0.78415698
0.78424603
0.78425801
0.78434002
0.78436899
0.78437400
0.78442699
0.78446698
0.78450799
0.78453100
0.78465003
0.78465801
0.78465998
0.78467900
0.78471899
0.78472000
0.78479302
0.78480297
0.78481400
0.78512698
0.78539699
0.78552997
0.78553599
0.78553700
0.78554100
0.78555202
0.78566998
0.78567201
0.78567201
0.78567803
0.78568500
0.78569502
0.78569502
0.78570098
0.78576797
0.78578800
0.78581500
0.78591102
0.78595299
0.78597701
0.78597897
0.78601402
0.78605902
0.78605998
0.78606099
0.78606701
0.78608602
0.78612298
0.78629202
0.78646398
0.78652799
0.78654402
0.78654802
0.78655201
0.78667802
0.78678900
0.78703099
0.78716600
0.78718501
0.78747499
0.78751498
0.78752297
0.78758597
0.78762102
0.78768301
0.78782099
0.78784800
0.78800797
0.78805000
0.78827602
0.78834403
0.78858203
0.78912097
0.78926200
0.79016501
0.79017299
0.79018003
0.79018098
0.79018402
0.79018497
0.79033899
0.79034001
0.79034400
0.79034603
0.79037797
0.79037899
0.79039103
0.79039198
0.79039598
0.79041898
0.79042798
0.79042900
0.79043800
0.79045701
0.79047000
0.79047298
0.79047298
0.79234701
0.79236901
0.79237002
0.79243702
0.79244202
0.79258102
0.79297799
0.79304701
0.79321200
0.79325300
0.79352498
0.79353398
0.79354900
0.79356003
0.79356003
0.79357302
0.79362202
0.79363298
0.79363698
0.79364401
0.79364699
0.79364997
0.79371500
0.79378700
0.79385900
0.79399502
0.79401398
0.79444999
0.79575402
0.79575700
0.79575902
0.79582500
0.79585099
0.79593199
0.79648602
0.79691702
0.79699999
0.79702997
0.79703498
0.79848897
0.79849100
0.79850602
0.79850799
0.79851103
0.79851300
0.79852903
0.79853302
0.79853898
0.79855698
0.79855901
0.79856199
0.79856998
0.79858798
0.79865497
0.79872602
0.79892099
0.79898602
0.79899400
0.79900497
0.79903698
0.79905897
0.79913199
0.79920000
0.79923397
0.79934901
0.79937601
0.79938799
0.79939002
0.79939502
0.79940301
0.79951298
0.79973799
0.79977500
0.79978400
0.79979497
0.79979497
0.80064398
0.80129701
0.80135602
0.80146599
0.80146801
0.80159301
0.80160397
0.80162102
0.80168301
0.80169302
0.80172199
0.80179298
0.80182600
0.80182999
0.80195999
0.80196798
0.80198199
0.80214000
0.80217600
0.80220199
0.80248803
0.80254197
0.80298400
0.80350900
0.80351901
0.80353302
0.80357301
0.80365902
0.80365902
0.80367899
0.80368900
0.80368900
0.80369902
0.80370098
0.80370802
0.80371702
0.80372202
0.80376101
0.80376798
0.80376798
0.80383599
0.80386198
0.80386901
0.80388898
0.80394602
0.80396599
0.80400997
0.80402201
0.80403799
0.80405003
0.80405200
0.80407703
0.80411202
0.80414599
0.80418599
0.80433702
0.80437702
0.80464101
0.80464500
0.80465698
0.80480200
0.80486602
0.80499500
0.80499500
0.80499798
0.80500197
0.80500197
0.80501002
0.80501002
0.80501902
0.80514902
0.80515897
0.80522901
0.80525202
0.80525798
0.80527002
0.80527401
0.80528599
0.80529600
0.80576599
0.80615199
0.80617201
0.80626500
0.80628300
0.80629200
0.80629802
0.80629802
0.80631697
0.80636799
0.80641800
0.80681998
0.80683500
0.80692500
0.80700201
0.80714297
0.80718201
0.80720401
0.80721498
0.80729902
0.80750602
0.80751801
0.80753499
0.80761802
0.80762500
0.80763900
0.80764103
0.80764103
0.80765200
0.80766302
0.80766600
0.80767101
0.80767399
0.80767798
0.80782002
0.80796200
0.80799800
0.80844098
0.80853599
0.80919600
0.80940801
0.80952501
0.80982202
0.80985898
0.80986297
0.80987102
0.80988699
0.80990100
0.81040198
0.81159103
0.81172401
0.81181502
0.81186700
0.81187701
0.81189698
0.81190699
0.81206203
0.81213897
0.81215602
0.81219298
0.81220597
0.81222099
0.81222302
0.81224501
0.81229001
0.81229901
0.81234401
0.81240100
0.81254101
0.81257099
0.81259698
0.81272203
0.81273103
0.81392503
0.81398100
0.81411701
0.81415898
0.81424201
0.81424201
0.81438500
0.81439602
0.81439698
0.81450701
0.81450802
0.81450999
0.81452602
0.81453800
0.81486899
0.81487900
0.81491297
0.81493098
0.81495202
0.81497401
0.81509501
0.81509501
0.81513703
0.81514901
0.81515002
0.81516898
0.81517398
0.81518000
0.81518298
0.81521302
0.81523901
0.81525499
0.81526399
0.81526500
0.81526899
0.81527501
0.81528199
0.81542301
0.81544101
0.81545699
0.81561798
0.81562698
0.81562799
0.81567401
0.81567901
0.81568801
0.81570899
0.81572503
0.81575501
0.81583601
0.81584698
0.81585598
0.81586498
0.81589502
0.81591201
0.81622702
0.81623602
0.81623900
0.81624597
0.81630599
0.81632400
0.81633502
0.81633502
0.81633598
0.81633598
0.81633598
0.81633699
0.81634498
0.81634802
0.81636202
0.81636900
0.81637597
0.81638002
0.81638199
0.81642199
0.81646800
0.81646800
0.81646901
0.81647700
0.81647700
0.81648201
0.81658298
0.81661099
0.81661803
0.81663400
0.81663603
0.81666702
0.81668401
0.81668502
0.81731898
0.81733501
0.81807601
0.81809199
0.81810701
0.81810802
0.81812799
0.81820899
0.81825000
0.81827497
0.81829399
0.81829602
0.81839502
0.81841600
0.81935000
0.81937301
0.81937498
0.81941599
0.81942201
0.81942600
0.81942600
0.81942701
0.81942999
0.81950301
0.81950802
0.81951499
0.81952500
0.81952500
0.81953901
0.81954199
0.81954598
0.81957102
0.81961900
0.81967503
0.82079899
0.82081401
0.82090700
0.82091397
0.82103199
0.82110101
0.82117802
0.82118499
0.82119298
0.82127899
0.82128203
0.82129300
0.82130301
0.82134801
0.82140797
0.82140797
0.82141298
0.82142198
0.82146198
0.82146502
0.82168299
0.82170600
0.82200003
0.82231897
0.82240999
0.82262200
0.82277000
0.82337898
0.82338500
0.82344103
0.82372200
0.82372898
0.82372898
0.82403499
0.82404101
0.82405299
0.82407701
0.82462400
0.82465100
0.82465202
0.82465303
0.82466000
0.82488400
0.82490200
0.82490897
0.82490897
0.82491398
0.82492203
0.82493800
0.82517898
0.82518297
0.82519299
0.82537901
0.82551998
0.82557899
0.82564902
0.82567799
0.82572401
0.82575399
0.82575500
0.82671201
0.82671499
0.82671797
0.82671797
0.82672602
0.82674402
0.82675600
0.82687700
0.82697302
0.82716799
0.82720298
0.82727402
0.82745701
0.82745999
0.82748502
0.82748598
0.82749301
0.82749599
0.82750100
0.82750303
0.82751602
0.82753402
0.82753801
0.82754898
0.82756102
0.82756901
0.82756901
0.82757503
0.82759202
0.82760203
0.82761103
0.82761103
0.82761902
0.82798702
0.82799703
0.82800102
0.82800198
0.82802302
0.82804799
0.82805502
0.82805902
0.82809800
0.82830602
0.82837301
0.82838500
0.82841003
0.82842302
0.82845598
0.82849997
0.82851797
0.82852501
0.82856202
0.82858300
0.82858598
0.82862198
0.82866299
0.82866597
0.82867098
0.82867098
0.82867098
0.82867199
0.82867497
0.82876098
0.82881403
0.82889903
0.82894403
0.82895899
0.82896900
0.82897800
0.82898301
0.82898301
0.82898903
0.82899499
0.82902801
0.82911700
0.82911801
0.82911801
0.82912397
0.82912803
0.82912898
0.82913101
0.82913202
0.82915801
0.82918698
0.82918698
0.82918698
0.82918698
0.82918698
0.82920003
0.82920498
0.82920498
0.82920498
0.82920498
0.82921302
0.82921302
0.82921302
0.82921302
0.82921302
0.82921302
0.82921302
0.82921302
0.82921302
0.82921398
0.82921797
0.82922000
0.82922000
0.82922697
0.82925099
0.82925099
0.82925099
0.82926202
0.82928097
0.82929897
0.82930303
0.82934701
0.82934999
0.82934999
0.82935297
0.82936001
0.82936198
0.82936400
0.82936400
0.82947302
0.82947397
0.82947397
0.82949102
0.82964802
0.82965499
0.82965499
0.82965499
0.82967597
0.82967699
0.83008498
0.83011401
0.83040702
0.83046699
0.83054698
0.83093500
0.83094198
0.83094698
0.83095503
0.83095902
0.83096200
0.83096600
0.83096898
0.83097303
0.83098000
0.83099002
0.83147401
0.83161199
0.83199102
0.83199799
0.83200598
0.83201897
0.83202201
0.83203298
0.83203602
0.83210301
0.83214301
0.83214498
0.83215100
0.83218700
0.83222097
0.83222300
0.83222401
0.83225900
0.83225900
0.83226299
0.83227402
0.83234602
0.83235902
0.83235902
0.83235902
0.83238697
0.83239198
0.83241302
0.83241999
0.83242500
0.83242798
0.83243698
0.83256400
0.83256400
0.83256900
0.83257800
0.83257800
0.83259898
0.83260000
0.83263999
0.83264101
0.83265603
0.83266902
0.83266902
0.83268100
0.83268100
0.83268702
0.83270699
0.83270800
0.83271003
0.83271199
0.83271199
0.83272898
0.83288300
0.83388698
0.83389097
0.83394098
0.83394700
0.83396202
0.83400601
0.83402002
0.83415002
0.83419001
0.83423400
0.83426797
0.83427602
0.83437902
0.83442599
0.83453298
0.83470798
0.83490503
0.83496201
0.83500499
0.83502400
0.83503699
0.83503997
0.83504099
0.83506799
0.83507001
0.83507800
0.83510703
0.83510798
0.83512801
0.83512801
0.83513802
0.83519799
0.83519900
0.83528298
0.83528298
0.83550000
0.83551300
0.83597302
0.83599401
0.83603299
0.83620697
0.83626401
0.83631802
0.83634502
0.83637202
0.83650202
0.83650202
0.83650202
0.83650303
0.83653003
0.83658201
0.83658898
0.83660197
0.83661199
0.83661199
0.83663899
0.83664000
0.83667397
0.83669698
0.83674002
0.83674002
0.83674002
0.83675098
0.83675802
0.83689398
0.83689398
0.83689702
0.83690202
0.83692300
0.83693600
0.83693600
0.83693701
0.83695698
0.83696997
0.83697999
0.83699602
0.83707899
0.83715397
0.83734000
0.83759898
0.83769500
0.83771998
0.83811003
0.83814102
0.83928400
0.83930099
0.83938497
0.83943599
0.83943802
0.83947802
0.83955002
0.83961701
0.83982402
0.83998698
0.83998901
0.84001499
0.84003198
0.84005499
0.84008998
0.84012198
0.84013200
0.84048498
0.84167802
0.84185898
0.84186900
0.84190899
0.84200197
0.84219199
0.84224099
0.84246302
0.84270698
0.84303701
0.84321803
0.84328902
0.84392601
0.84457701
0.84489298
0.84492499
0.84494001
0.84496999
0.84499401
0.84502000
0.84504098
0.84509200
0.84517699
0.84518498
0.84518600
0.84518802
0.84521502
0.84521598
0.84523797
0.84524101
0.84524399
0.84524399
0.84524500
0.84527701
0.84622502
0.84627199
0.84641302
0.84643799
0.84652799
0.84653503
0.84659201
0.84785199
0.84789503
0.84793103
0.84815001
0.84815902
0.84816802
0.84820199
0.84821200
0.84822798
0.84822798
0.84825200
0.84833097
0.84838802
0.84838998
0.84864402
0.84882402
0.84882402
0.84914303
0.84916699
0.84997302
0.85001999
0.85010099
0.85010999
0.85010999
0.85011399
0.85012102
0.85013700
0.85016298
0.85185999
0.85186201
0.85186398
0.85188299
0.85188401
0.85188401
0.85189199
0.85189199
0.85189199
0.85189199
0.85189199
0.85189903
0.85209399
0.85210103
0.85211301
0.85214698
0.85219097
0.85223001
0.85223198
0.85225999
0.85229301
0.85229403
0.85229403
0.85229599
0.85232800
0.85238200
0.85263097
0.85263199
0.85266602
0.85267001
0.85269201
0.85269302
0.85270900
0.85273600
0.85273600
0.85274303
0.85275501
0.85276502
0.85294998
0.85296798
0.85299098
0.85299700
0.85310799
0.85321498
0.85352999
0.85355598
0.85359401
0.85359699
0.85360301
0.85361099
0.85362297
0.85366899
0.85369498
0.85370100
0.85370201
0.85371500
0.85373300
0.85373402
0.85377300
0.85377401
0.85383701
0.85409302
0.85456002
0.85466897
0.85467899
0.85471803
0.85539001
0.85553801
0.85599703
0.85602498
0.85606903
0.85607898
0.85637802
0.85642499
0.85642600
0.85642600
0.85644603
0.85645700
0.85647303
0.85648298
0.85648602
0.85651499
0.85654402
0.85660899
0.85671902
0.85678500
0.85678601
0.85680598
0.85724598
0.85734499
0.85736698
0.85736799
0.85741198
0.85742998
0.85746402
0.85748702
0.85749298
0.85749900
0.85750198
0.85753798
0.85753900
0.85764199
0.85764301
0.85766602
0.85771400
0.85772198
0.85772401
0.85772699
0.85772699
0.85774797
0.85775203
0.85777497
0.85777497
0.85777903
0.85778499
0.85792202
0.85923702
0.85994297
0.86002398
0.86002803
0.86003602
0.86071002
0.86071301
0.86072099
0.86073297
0.86073297
0.86073500
0.86077797
0.86084402
0.86097300
0.86127502
0.86127502
0.86131299
0.86134899
0.86134899
0.86140102
0.86140198
0.86141300
0.86141503
0.86143500
0.86144799
0.86144900
0.86147600
0.86147898
0.86147898
0.86147898
0.86148000
0.86148399
0.86152601
0.86153001
0.86153603
0.86153799
0.86154002
0.86154699
0.86154801
0.86154801
0.86157399
0.86158401
0.86158502
0.86160898
0.86160898
0.86161101
0.86161202
0.86164099
0.86164898
0.86164999
0.86164999
0.86164999
0.86165100
0.86166900
0.86181599
0.86241800
0.86244100
0.86245400
0.86246198
0.86247200
0.86247402
0.86247802
0.86248398
0.86248797
0.86248899
0.86250502
0.86250901
0.86271203
0.86310297
0.86320400
0.86323798
0.86324102
0.86330700
0.86333299
0.86334199
0.86337501
0.86337501
0.86362898
0.86368901
0.86369401
0.86370802
0.86372900
0.86390603
0.86390603
0.86391097
0.86391199
0.86391199
0.86391199
0.86391199
0.86391199
0.86391300
0.86391300
0.86391598
0.86392498
0.86392498
0.86393201
0.86393201
0.86393398
0.86393499
0.86393702
0.86393702
0.86393797
0.86394602
0.86394799
0.86394900
0.86394900
0.86394900
0.86394900
0.86395198
0.86395198
0.86395299
0.86395299
0.86395299
0.86396801
0.86397702
0.86399102
0.86400700
0.86400902
0.86409402
0.86409998
0.86412799
0.86413097
0.86413699
0.86413699
0.86413801
0.86414301
0.86417800
0.86418903
0.86427897
0.86428797
0.86438501
0.86466300
0.86466998
0.86514801
0.86514801
0.86515403
0.86519098
0.86520398
0.86522299
0.86554199
0.86576998
0.86577499
0.86584002
0.86585498
0.86585897
0.86586100
0.86586601
0.86589497
0.86593002
0.86599803
0.86671799
0.86686802
0.86687303
0.86687499
0.86689800
0.86690003
0.86691302
0.86691499
0.86692101
0.86692202
0.86692601
0.86692899
0.86693698
0.86693799
0.86693799
0.86694002
0.86694098
0.86695403
0.86695600
0.86703998
0.86706799
0.86707598
0.86708897
0.86710501
0.86739802
0.86754298
0.86795998
0.86820698
0.86820799
0.86821002
0.86822701
0.86822897
0.86822897
0.86822999
0.86823100
0.86823201
0.86823303
0.86823398
0.86823398
0.86824799
0.86828500
0.86828601
0.86829102
0.86829698
0.86830199
0.86830801
0.86831403
0.86831403
0.86831403
0.86831403
0.86831999
0.86832899
0.86833000
0.86833000
0.86833203
0.86833203
0.86833203
0.86833203
0.86833203
0.86833203
0.86833203
0.86833298
0.86833799
0.86833900
0.86835498
0.86836100
0.86837500
0.86878097
0.86882001
0.86883497
0.86888403
0.86890000
0.86890000
0.86890399
0.86890399
0.86890900
0.86890900
0.87192899
0.87193698
0.87193799
0.87214100
0.87214798
0.87215102
0.87215102
0.87215197
0.87219298
0.87220299
0.87232202
0.87232298
0.87232900
0.87233198
0.87233400
0.87233400
0.87236601
0.87237400
0.87242502
0.87245798
0.87704599
0.87724000
0.87795299
0.87827897
0.87856603
0.87867898
0.87872100
0.87873602
0.87874597
0.87875199
0.87875801
0.87875801
0.87876099
0.87937897
0.87942499
0.87991202
0.87999600
0.88005900
0.88014603
0.88021398
0.88022000
0.88031900
0.88032103
0.88041002
0.88041598
0.88042498
0.88043302
0.88043499
0.88062102
0.88094401
0.88096601
0.88096702
0.88125402
0.88125402
0.88125497
0.88127899
0.88129002
0.88129002
0.88136500
0.88137800
0.88139600
0.88139898
0.88141799
0.88146800
0.88197899
0.88244599
0.88251001
0.88252699
0.88252801
0.88252902
0.88253701
0.88253802
0.88311100
0.88350201
0.88352901
0.88353199
0.88357002
0.88358802
0.88365901
0.88367099
0.88370299
0.88371098
0.88373899
0.88375098
0.88375098
0.88377303
0.88377601
0.88377601
0.88379902
0.88385898
0.88394302
0.88403702
0.88414401
0.88416398
0.88416803
0.88416898
0.88417900
0.88420498
0.88420600
0.88421398
0.88435501
0.88435501
0.88439399
0.88441098
0.88444000
0.88444102
0.88445801
0.88446999
0.88447702
0.88448697
0.88449401
0.88451397
0.88453799
0.88461399
0.88462198
0.88465101
0.88473898
0.88475102
0.88479501
0.88479501
0.88480800
0.88481700
0.88487899
0.88495398
0.88496101
0.88525999
0.88553500
0.88573098
0.88600397
0.88600898
0.88602102
0.88602102
0.88604999
0.88606203
0.88606298
0.88606602
0.88608903
0.88609201
0.88610297
0.88614500
0.88615698
0.88626301
0.88628399
0.88629401
0.88633001
0.88648701
0.88654399
0.88654900
0.88656503
0.88656503
0.88657498
0.88658398
0.88658601
0.88658798
0.88660598
0.88661200
0.88809401
0.88811100
0.88813299
0.88816601
0.88817400
0.88822103
0.88822800
0.88835001
0.88927197
0.88982201
0.88984603
0.88986701
0.88991398
0.88992101
0.88992703
0.88992900
0.89001697
0.89004999
0.89014298
0.89025599
0.89052999
0.89149600
0.89162600
0.89178902
0.89185500
0.89185500
0.89190799
0.89203399
0.89203900
0.89216000
0.89230198
0.89295900
0.89299899
0.89318597
0.89376199
0.89418203
0.89510900
0.89521301
0.89522600
0.89527899
0.89531702
0.89537603
0.89538902
0.89540499
0.89540899
0.89544302
0.89546502
0.89551401
0.89553899
0.89564002
0.89565003
0.89565200
0.89565498
0.89566499
0.89567399
0.89567697
0.89568198
0.89591402
0.89591801
0.89593601
0.89597303
0.89598101
0.89599502
0.89605498
0.89605498
0.89605898
0.89611399
0.89616102
0.89622802
0.89622903
0.89626098
0.89638001
0.89649701
0.89650798
0.89650899
0.89651501
0.89662200
0.89685303
0.89687097
0.89687198
0.89687997
0.89687997
0.89688200
0.89689898
0.89689898
0.89689898
0.89696902
0.89696902
0.89696902
0.89698303
0.89706200
0.89713401
0.89716202
0.89716297
0.89716798
0.89717901
0.89720601
0.89720601
0.89721400
0.89726597
0.89741600
0.89792502
0.89793402
0.89793402
0.89793497
0.89793497
0.89794397
0.89800501
0.89800501
0.89801002
0.89801002
0.89802802
0.89805198
0.89806902
0.89806998
0.89810002
0.89810002
0.89822900
0.89823502
0.89830899
0.89854902
0.89855802
0.89856398
0.89857000
0.89858001
0.89875102
0.89891201
0.89914799
0.89915401
0.89915800
0.89916301
0.89916402
0.89916700
0.89917397
0.89918500
0.89918798
0.89921302
0.89923602
0.89925301
0.89933199
0.89945501
0.89945602
0.89945799
0.89945900
0.89946997
0.89947802
0.89947897
0.89953798
0.89958000
0.89959502
0.89960700
0.89960903
0.89960903
0.89961499
0.89961600
0.89962697
0.89962697
0.89963698
0.89966899
0.90070701
0.90071499
0.90099001
0.90101397
0.90103900
0.90103900
0.90104997
0.90105999
0.90105999
0.90106100
0.90108299
0.90108401
0.90108800
0.90108901
0.90108901
0.90109199
0.90109903
0.90110701
0.90110803
0.90111798
0.90113801
0.90115899
0.90116000
0.90116203
0.90116799
0.90124297
0.90124398
0.90124500
0.90124899
0.90126097
0.90126300
0.90127200
0.90127897
0.90129298
0.90281802
0.90294600
0.90294701
0.90295100
0.90296102
0.90297401
0.90297598
0.90298599
0.90298897
0.90299898
0.90300602
0.90300900
0.90305197
0.90305400
0.90305501
0.90305698
0.90305698
0.90305698
0.90305698
0.90305901
0.90306503
0.90306503
0.90306598
0.90306801
0.90307802
0.90308100
0.90308702
0.90309203
0.90310502
0.90311998
0.90322798
0.90331900
0.90333003
0.90340102
0.90340400
0.90344101
0.90346903
0.90347600
0.90348703
0.90348703
0.90349197
0.90350002
0.90350097
0.90350300
0.90350503
0.90352702
0.90354502
0.90355998
0.90356302
0.90356499
0.90358001
0.90362000
0.90371799
0.90377098
0.90383500
0.90385199
0.90385997
0.90390998
0.90391099
0.90401399
0.90403402
0.90403599
0.90403700
0.90404499
0.90405798
0.90405899
0.90405899
0.90406102
0.90406698
0.90407097
0.90407300
0.90407503
0.90408403
0.90408498
0.90408599
0.90409702
0.90409797
0.90409899
0.90409899
0.90410000
0.90417200
0.90420699
0.90428001
0.90428603
0.90428698
0.90429097
0.90434098
0.90436298
0.90438300
0.90444702
0.90470201
0.90477997
0.90478998
0.90480298
0.90480500
0.90481001
0.90481901
0.90482098
0.90482801
0.90482801
0.90483600
0.90484202
0.90488201
0.90491802
0.90493900
0.90540802
0.90542001
0.90544301
0.90546602
0.90550399
0.90555400
0.90567398
0.90567899
0.90569299
0.90572101
0.90573102
0.90574902
0.90579098
0.90677500
0.90759999
0.90761298
0.90764201
0.90767401
0.90776402
0.90778297
0.90780902
0.90780997
0.90781200
0.90781999
0.90783602
0.90786701
0.90789002
0.90792698
0.90820003
0.90828103
0.90839899
0.90846503
0.90847301
0.90847301
0.90848398
0.90851700
0.90851700
0.90853000
0.90871000
0.90873098
0.90907300
0.90908998
0.90909803
0.90909898
0.90911698
0.90931600
0.90931702
0.90932000
0.90934402
0.90938699
0.90940398
0.90946001
0.90948200
0.90951103
0.90956402
0.90957999
0.90960002
0.90960199
0.90960401
0.90960801
0.90961999
0.90962201
0.90963203
0.90969998
0.91024399
0.91026503
0.91026801
0.91027403
0.91027403
0.91029298
0.91029602
0.91030902
0.91030997
0.91033602
0.91033798
0.91037899
0.91040999
0.91044199
0.91044301
0.91044497
0.91044801
0.91052300
0.91052699
0.91055202
0.91057003
0.91115999
0.91124898
0.91217399
0.91223598
0.91224200
0.91224998
0.91234398
0.91235101
0.91235101
0.91235900
0.91244698
0.91254002
0.91267198
0.91269600
0.91270202
0.91271198
0.91272002
0.91277403
0.91316903
0.91442400
0.91493398
0.91501498
0.91505897
0.91507602
0.91511202
0.91513801
0.91515797
0.91516101
0.91518098
0.91521198
0.91534001
0.91535902
0.91535902
0.91535902
0.91535902
0.91535902
0.91535902
0.91536301
0.91537303
0.91537601
0.91538298
0.91538399
0.91545498
0.91546100
0.91546297
0.91565901
0.91570598
0.91570997
0.91571999
0.91582799
0.91586202
0.91609001
0.91618598
0.91619402
0.91623902
0.91626298
0.91635603
0.91699302
0.91700298
0.91704398
0.91714001
0.91727799
0.91733700
0.91790003
0.91808802
0.91862601
0.91948700
0.91971999
0.91972601
0.91981798
0.92007399
0.92056602
0.92074400
0.92080897
0.92081600
0.92083800
0.92086297
0.92096198
0.92119098
0.92139697
0.92147201
0.92152601
0.92154598
0.92156500
0.92163301
0.92164600
0.92167002
0.92185402
0.92194200
0.92194599
0.92200500
0.92200798
0.92207998
0.92219698
0.92221999
0.92241001
0.92341000
0.92419499
0.92423600
0.92452401
0.92454100
0.92462999
0.92468798
0.92495102
0.92550099
0.92555201
0.92556202
0.92557400
0.92570001
0.92570001
0.92577499
0.92580801
0.92596799
0.92635697
0.92636001
0.92636698
0.92646098
0.92646301
0.92648703
0.92649198
0.92649502
0.92649698
0.92863601
0.92864698
0.92868000
0.92868102
0.92869699
0.92878300
0.92878997
0.92886400
0.92886400
0.92886400
0.92887300
0.92887402
0.92887402
0.92887402
0.92887503
0.92887598
0.92887598
0.92887998
0.92911297
0.92911398
0.92921501
0.92930299
0.92951798
0.92955399
0.92963302
0.92971301
0.92973298
0.92973399
0.92974699
0.92975003
0.92981797
0.92983299
0.92992198
0.93019497
0.93025100
0.93032598
0.93036097
0.93039900
0.93051302
0.93058097
0.93061697
0.93063700
0.93067002
0.93071198
0.93071300
0.93071502
0.93071502
0.93072098
0.93085802
0.93092197
0.93107802
0.93141502
0.93143302
0.93148798
0.93149197
0.93190402
0.93218702
0.93222803
0.93223500
0.93223703
0.93225700
0.93260300
0.93279302
0.93282402
0.93287098
0.93292201
0.93295199
0.93297100
0.93298000
0.93314201
0.93315601
0.93315798
0.93449801
0.93559003
0.93559200
0.93559301
0.93559301
0.93559998
0.93561000
0.93562102
0.93562502
0.93568999
0.93572700
0.93611503
0.93614501
0.93617702
0.93620199
0.93621403
0.93621802
0.93624198
0.93626398
0.93631798
0.93648499
0.93648601
0.93657702
0.93660599
0.93660903
0.93660998
0.93661201
0.93667901
0.93669200
0.93670100
0.93670797
0.93671000
0.93671602
0.93672001
0.93705398
0.93707401
0.93850303
0.93864900
0.93865800
0.93866599
0.93876398
0.93877900
0.93878198
0.93881798
0.93882602
0.93884403
0.93888003
0.93897700
0.93897802
0.93898499
0.93898600
0.93898797
0.93908399
0.93910998
0.93911803
0.93913198
0.93920302
0.93929601
0.93933803
0.93945998
0.93948698
0.93949699
0.93950301
0.93952101
0.93982702
0.93986797
0.93987000
0.93987298
0.93989700
0.93992102
0.93993402
0.93993902
0.93994403
0.93996298
0.93999302
0.94000399
0.94057798
0.94095302
0.94101202
0.94101202
0.94101202
0.94101202
0.94101697
0.94101799
0.94102103
0.94102198
0.94102502
0.94103003
0.94104999
0.94104999
0.94105703
0.94107300
0.94108701
0.94110501
0.94110602
0.94139200
0.94203699
0.94228500
0.94297701
0.94298398
0.94298601
0.94300300
0.94300503
0.94302499
0.94304901
0.94305497
0.94306099
0.94308299
0.94314200
0.94316399
0.94317102
0.94322097
0.94322401
0.94373798
0.94441003
0.94441599
0.94444799
0.94446999
0.94448900
0.94449502
0.94449800
0.94455302
0.94455397
0.94457501
0.94458598
0.94459802
0.94466501
0.94468099
0.94469303
0.94469500
0.94470501
0.94470602
0.94471198
0.94508600
0.94771397
0.94776702
0.94794703
0.94799697
0.94801700
0.94801700
0.94820601
0.94821602
0.94823498
0.94825900
0.94827002
0.94830400
0.94836402
0.94840902
0.94845998
0.94871598
0.94878203
0.94878602
0.94878799
0.94878900
0.94878900
0.94882202
0.94884098
0.94885498
0.94887698
0.94887900
0.94888002
0.94888502
0.94890201
0.94890201
0.94943601
0.94943601
0.94950098
0.94954097
0.94954199
0.94954401
0.94955802
0.94956100
0.95078802
0.95078802
0.95084000
0.95088398
0.95096201
0.95103902
0.95105499
0.95107400
0.95108098
0.95110202
0.95111901
0.95113802
0.95113802
0.95116299
0.95116502
0.95117003
0.95130402
0.95137000
0.95243198
0.95337999
0.95343202
0.95343202
0.95348001
0.95393300
0.95394403
0.95424998
0.95426702
0.95430201
0.95436102
0.95441800
0.95442897
0.95442897
0.95442897
0.95442998
0.95444202
0.95444798
0.95446002
0.95446098
0.95553398
0.95554399
0.95554399
0.95554399
0.95555502
0.95563501
0.95567399
0.95567501
0.95568001
0.95568103
0.95568103
0.95568299
0.95570201
0.95574403
0.95576501
0.95579898
0.95580000
0.95580202
0.95580298
0.95581800
0.95584202
0.95586801
0.95586902
0.95595902
0.95602000
0.95602298
0.95603597
0.95604199
0.95604998
0.95604998
0.95605898
0.95605999
0.95606601
0.95607102
0.95607102
0.95607603
0.95607603
0.95607799
0.95608997
0.95609599
0.95610201
0.95611602
0.95652300
0.95653701
0.95653898
0.95653999
0.95657200
0.95657200
0.95657200
0.95657200
0.95657301
0.95657301
0.95658398
0.95660800
0.95662200
0.95738500
0.95738500
0.95739698
0.95739698
0.95739698
0.95739698
0.95740199
0.95740199
0.95740199
0.95773900
0.95779502
0.95781499
0.95783800
0.95786399
0.95789599
0.95791203
0.95881301
0.95962799
0.95963198
0.95963299
0.95963299
0.95963502
0.95964700
0.95964801
0.95965999
0.95966101
0.95971400
0.95972300
0.96017998
0.96018797
0.96030200
0.96032798
0.96044302
0.96057600
0.96063602
0.96065497
0.96079201
0.96079201
0.96079803
0.96080399
0.96137202
0.96241999
0.96243399
0.96243799
0.96244597
0.96259099
0.96259803
0.96263200
0.96264601
0.96265900
0.96269900
0.96271402
0.96273202
0.96275800
0.96283197
0.96284002
0.96285301
0.96286702
0.96286798
0.96325999
0.96349901
0.96368599
0.96371800
0.96371901
0.96373498
0.96498299
0.96520501
0.96526998
0.96532202
0.96544099
0.96544200
0.96544403
0.96546102
0.96546602
0.96547002
0.96548098
0.96551198
0.96639103
0.96640402
0.96641600
0.96642798
0.96645200
0.96647102
0.96647900
0.96648198
0.96648300
0.96648997
0.96649200
0.96650100
0.96651202
0.96651798
0.96651798
0.96653199
0.96654701
0.96655798
0.96657300
0.96661901
0.96662998
0.96663100
0.96663201
0.96664000
0.96671599
0.96673000
0.96677899
0.96679598
0.96682203
0.96683300
0.96684700
0.96685201
0.96685898
0.96686900
0.96687299
0.96693599
0.96711302
0.96711397
0.96711600
0.96711802
0.96712297
0.96712601
0.96716601
0.96716899
0.96717000
0.96718800
0.96721500
0.96785098
0.96785200
0.96785599
0.96788299
0.96791399
0.96794200
0.96796602
0.96800202
0.96800500
0.96802300
0.96802503
0.96802598
0.96803701
0.96816999
0.96819901
0.96833301
0.96886998
0.96887702
0.96900803
0.96900898
0.96901000
0.96901202
0.96901399
0.96901602
0.96904802
0.96905398
0.96907800
0.96910298
0.96911103
0.96913999
0.96914101
0.96914202
0.96914500
0.96914500
0.96915299
0.96915501
0.97050202
0.97053897
0.97054702
0.97055101
0.97064799
0.97065002
0.97065198
0.97065300
0.97065902
0.97066301
0.97066998
0.97067302
0.97067398
0.97067797
0.97068298
0.97068298
0.97114199
0.97123498
0.97124797
0.97184199
0.97188699
0.97198802
0.97263497
0.97305602
0.97305697
0.97308302
0.97309500
0.97310197
0.97311002
0.97311401
0.97311401
0.97311801
0.97311801
0.97313702
0.97313797
0.97314698
0.97315001
0.97316802
0.97317302
0.97318000
0.97319901
0.97330099
0.97335702
0.97372699
0.97379899
0.97382599
0.97387999
0.97390002
0.97426599
0.97444099
0.97447801
0.97468400
0.97480500
0.97490001
0.97496599
0.97503197
0.97505403
0.97506797
0.97521502
0.97521597
0.97521597
0.97526199
0.97527403
0.97527599
0.97580397
0.97582299
0.97583199
0.97620398
0.97620398
0.97620600
0.97631502
0.97639602
0.97643101
0.97656399
0.97664398
0.97670799
0.97671998
0.97672302
0.97685802
0.97685802
0.97686398
0.97686499
0.97686797
0.97686797
0.97687799
0.97688001
0.97688800
0.97688800
0.97690302
0.97693700
0.97693700
0.97693801
0.97697502
0.97703898
0.97703999
0.97703999
0.97704297
0.97705698
0.97705698
0.97705901
0.97706002
0.97706300
0.97706598
0.97706801
0.97708398
0.97713602
0.97713703
0.97713798
0.97716200
0.97717297
0.97717798
0.97802299
0.97804302
0.97845000
0.97845000
0.97846597
0.97846699
0.97847301
0.97849101
0.97850102
0.97884297
0.97886598
0.97917002
0.97917402
0.97947001
0.97957301
0.97969002
0.97976202
0.98110300
0.98111200
0.98112398
0.98113000
0.98113400
0.98113501
0.98114198
0.98116499
0.98120099
0.98124701
0.98125201
0.98125798
0.98129201
0.98134398
0.98135000
0.98139399
0.98141098
0.98176599
0.98179299
0.98212302
0.98213601
0.98213702
0.98215699
0.98215699
0.98215801
0.98216099
0.98216200
0.98217201
0.98220098
0.98233902
0.98235202
0.98272002
0.98274601
0.98278099
0.98282999
0.98382503
0.98386002
0.98390901
0.98542500
0.98550397
0.98550600
0.98552102
0.98554403
0.98555601
0.98557299
0.98557800
0.98558098
0.98563600
0.98564702
0.98566800
0.98567802
0.98569399
0.98573500
0.98573601
0.98573601
0.98580700
0.98581600
0.98673201
0.98673499
0.98674500
0.98675102
0.98676300
0.98676503
0.98676699
0.98680198
0.98698902
0.98710299
0.98712599
0.98713398
0.98713398
0.98714501
0.98715800
0.98716903
0.98740798
0.98746699
0.98775703
0.98776197
0.98776197
0.98776299
0.98783201
0.98784900
0.98785400
0.98785502
0.98786098
0.98786497
0.98788798
0.98789799
0.98790199
0.98790997
0.98802000
0.98802102
0.98803401
0.98804998
0.98805600
0.98807502
0.98809201
0.98809701
0.98810101
0.98811299
0.98812598
0.98813099
0.98815799
0.98815900
0.98816299
0.98816299
0.98816401
0.98819298
0.98819798
0.98820400
0.98820901
0.98826700
0.98826897
0.98827702
0.98829597
0.98845100
0.98845297
0.98845398
0.98845702
0.98846000
0.98846197
0.98847800
0.98848701
0.98849201
0.98881298
0.98883802
0.98885101
0.98887497
0.98887801
0.98887801
0.98888499
0.98889500
0.98889703
0.98894000
0.98894298
0.98911202
0.98912698
0.98916101
0.98916900
0.98920399
0.98920602
0.98948997
0.98953700
0.98953801
0.98955798
0.98956198
0.98956901
0.98957503
0.98957700
0.98959202
0.98963702
0.98969603
0.98969698
0.98969698
0.98970002
0.98971897
0.98978102
0.98979098
0.98981303
0.98982000
0.98983997
0.98986697
0.98987502
0.98987901
0.99123400
0.99123502
0.99125302
0.99126703
0.99128199
0.99134201
0.99137002
0.99137002
0.99137199
0.99137300
0.99138403
0.99150801
0.99278897
0.99293101
0.99305803
0.99310899
0.99313599
0.99314398
0.99318498
0.99324399
0.99324799
0.99324900
0.99447399
0.99448699
0.99450600
0.99463099
0.99463397
0.99465501
0.99537998
0.99559999
0.99560100
0.99561501
0.99563003
0.99563497
0.99564201
0.99568701
0.99568999
0.99570400
0.99570501
0.99571103
0.99573499
0.99574500
0.99574703
0.99576098
0.99578100
0.99578297
0.99579197
0.99581498
0.99584103
0.99585003
0.99585599
0.99586898
0.99590802
0.99590898
0.99591398
0.99592799
0.99606699
0.99611098
0.99697399
0.99800801
0.99804300
0.99808300
0.99808800
0.99811101
0.99813098
0.99814600
0.99846601
0.99862403
0.99862403
0.99862701
0.99863601
0.99864298
0.99867499
0.99868000
0.99868399
0.99882299
0.99892402
0.99895799
0.99896502
0.99897498
0.99902898
0.99953997
0.99956799
0.99978602
0.99978602
0.99979001
0.99979001
0.99979103
0.99979800
0.99979800
0.99979901
0.99980199
0.99980199
0.99980199
0.99982202
0.99983901
0.99985701
0.99988198
0.99989998
0.99990600
0.99992400
0.99995703
0.99996102
1.00074697
1.00089705
1.00089705
1.00091505
1.00091898
1.00094104
1.00114298
1.00139594
1.00153899
1.00157702
1.00178599
1.00261199
1.00268900
1.00270796
1.00271904
1.00275099
1.00283206
1.00297797
1.00299501
1.00301898
1.00302601
1.00303996
1.00307095
1.00310302
1.00311005
1.00311196
1.00312996
1.00313401
1.00314796
1.00315297
1.00315702
1.00315797
1.00329196
1.00329196
1.00330901
1.00337005
1.00337303
1.00337303
1.00339496
1.00340295
1.00341499
1.00345194
1.00345600
1.00346506
1.00346899
1.00347900
1.00348997
1.00349402
1.00352705
1.00354695
1.00354898
1.00357199
1.00386798
1.00518596
1.00523400
1.00527203
1.00529599
1.00532103
1.00533998
1.00535095
1.00544095
1.00557995
1.00569201
1.00656796
1.00661397
1.00699902
1.00715899
1.00717199
1.00717402
1.00727904
1.00734305
1.00734901
1.00734997
1.00735903
1.00740600
1.00752997
1.00758505
1.00760806
1.00769103
1.00775301
1.00775504
1.00776100
1.00795400
1.00796497
1.00805295
1.00811100
1.00822794
1.00823605
1.00827003
1.00831997
1.00851500
1.00854003
1.00854301
1.00857699
1.00860298
1.00861204
1.00862002
1.00862098
1.00862598
1.00864005
1.00865400
1.00865805
1.00921404
1.00931299
1.00956702
1.00965095
1.00973594
1.00999701
1.01011801
1.01017404
1.01019001
1.01020801
1.01023197
1.01032698
1.01053298
1.01056600
1.01058996
1.01059794
1.01072800
1.01105702
1.01107800
1.01108801
1.01119304
1.01120102
1.01125801
1.01142097
1.01160502
1.01165402
1.01167095
1.01170897
1.01173401
1.01176906
1.01180005
1.01182604
1.01182795
1.01191401
1.01194894
1.01195395
1.01195705
1.01196504
1.01202297
1.01206005
1.01210105
1.01210701
1.01290905
1.01294804
1.01295805
1.01295805
1.01297498
1.01298499
1.01302397
1.01305997
1.01309597
1.01319396
1.01320696
1.01323104
1.01324606
1.01330698
1.01334703
1.01339900
1.01342201
1.01343095
1.01346898
1.01348901
1.01469004
1.01472104
1.01474702
1.01478803
1.01480997
1.01481700
1.01485801
1.01488304
1.01488602
1.01492596
1.01493704
1.01494396
1.01495194
1.01495194
1.01496994
1.01497102
1.01505101
1.01508105
1.01513398
1.01514304
1.01519501
1.01520097
1.01524305
1.01525199
1.01527596
1.01535797
1.01539099
1.01540196
1.01540196
1.01540303
1.01540303
1.01542401
1.01543903
1.01551402
1.01552403
1.01552999
1.01554704
1.01555395
1.01556599
1.01556695
1.01557600
1.01557696
1.01557803
1.01559997
1.01563203
1.01564896
1.01566303
1.01566803
1.01567900
1.01568305
1.01569402
1.01582003
1.01608300
1.01608503
1.01609504
1.01610398
1.01619601
1.01656306
1.01663494
1.01663697
1.01664197
1.01676404
1.01708102
1.01755798
1.01773596
1.01861298
1.01862204
1.01862800
1.01863599
1.01865196
1.01867604
1.01867795
1.01867902
1.01868701
1.01869500
1.01869500
1.01872301
1.01881301
1.01911199
1.01911902
1.01918495
1.01934695
1.01961803
1.01995003
1.01996696
1.01998198
1.01999998
1.02014303
1.02022600
1.02023602
1.02023804
1.02027404
1.02028203
1.02029395
1.02039504
1.02050698
1.02076006
1.02078402
1.02085102
1.02139199
1.02140605
1.02141201
1.02142298
1.02142704
1.02143800
1.02146196
1.02146900
1.02148199
1.02149701
1.02150702
1.02156699
1.02296102
1.02358103
1.02359796
1.02363598
1.02364600
1.02367902
1.02368498
1.02369595
1.02369702
1.02371299
1.02372706
1.02373397
1.02373397
1.02381396
1.02381694
1.02451706
1.02452004
1.02452099
1.02464402
1.02509904
1.02541900
1.02548003
1.02562201
1.02579796
1.02586603
1.02597404
1.02649999
1.02650797
1.02704406
1.02740395
1.02770805
1.02778995
1.02780604
1.02780604
1.02781701
1.02782798
1.02782905
1.02799594
1.02800596
1.02802098
1.02802801
1.02804506
1.02813399
1.02829003
1.02850401
1.02851295
1.02851605
1.02861500
1.02981699
1.02982998
1.02983797
1.02985299
1.02985299
1.02985299
1.02985299
1.02985299
1.02985799
1.02985799
1.02985799
1.02985799
1.02985799
1.02985799
1.02985799
1.02985799
1.02987504
1.02988803
1.02988899
1.02990305
1.02990496
1.02994597
1.03001904
1.03004098
1.03015101
1.03021002
1.03071594
1.03076994
1.03077996
1.03080904
1.03082395
1.03082800
1.03084099
1.03090000
1.03092897
1.03095305
1.03103495
1.03124797
1.03142297
1.03143799
1.03145301
1.03153098
1.03164399
1.03166199
1.03168499
1.03170097
1.03171897
1.03172803
1.03178501
1.03181601
1.03316104
1.03317297
1.03323400
1.03323603
1.03324497
1.03328896
1.03329599
1.03336096
1.03345704
1.03391099
1.03392601
1.03394902
1.03397298
1.03469098
1.03497398
1.03502595
1.03503299
1.03504002
1.03506696
1.03506696
1.03510797
1.03513598
1.03513706
1.03514898
1.03515506
1.03526402
1.03529298
1.03529501
1.03625798
1.03625798
1.03630197
1.03632796
1.03635097
1.03649998
1.03733301
1.03734004
1.03736997
1.03743100
1.03749096
1.03751194
1.03753400
1.03754699
1.03769100
1.03779900
1.03822899
1.03867602
1.03983402
1.03988898
1.03991997
1.03999996
1.04000604
1.04002297
1.04002500
1.04002905
1.04002905
1.04006600
1.04008603
1.04053795
1.04053903
1.04054201
1.04056096
1.04057705
1.04058504
1.04074705
1.04076397
1.04076600
1.04109704
1.04110706
1.04111600
1.04111803
1.04112303
1.04113305
1.04113400
1.04157805
1.04159904
1.04163003
1.04166698
1.04184306
1.04184997
1.04194498
1.04198098
1.04198897
1.04213405
1.04214895
1.04215205
1.04220796
1.04222596
1.04226303
1.04227901
1.04227996
1.04228199
1.04228497
1.04228997
1.04230499
1.04230797
1.04230905
1.04232502
1.04232597
1.04232895
1.04233801
1.04235101
1.04235399
1.04244196
1.04251099
1.04287601
1.04288197
1.04288197
1.04288304
1.04289603
1.04290998
1.04290998
1.04292500
1.04292798
1.04293096
1.04293096
1.04295194
1.04295599
1.04297900
1.04303098
1.04306901
1.04311895
1.04327595
1.04329300
1.04334199
1.04334795
1.04335797
1.04339695
1.04340005
1.04341304
1.04342997
1.04343903
1.04345906
1.04376900
1.04382205
1.04394996
1.04401803
1.04407406
1.04413795
1.04425704
1.04437900
1.04439497
1.04449904
1.04458296
1.04460204
1.04462099
1.04467702
1.04471302
1.04472601
1.04475403
1.04477501
1.04477704
1.04477704
1.04478002
1.04488802
1.04512000
1.04672599
1.04676294
1.04679894
1.04684901
1.04719102
1.04722703
1.04723203
1.04724300
1.04724300
1.04725897
1.04726100
1.04726100
1.04726398
1.04727006
1.04727101
1.04727399
1.04727495
1.04727495
1.04727602
1.04728603
1.04732704
1.04747999
1.04758298
1.04770005
1.04771495
1.04771996
1.04772103
1.04772103
1.04772103
1.04774702
1.04777598
1.04777706
1.04777706
1.04810905
1.04818797
1.04820204
1.04820395
1.04824305
1.04824495
1.04828894
1.04829097
1.04829299
1.04829705
1.04830098
1.04830205
1.04845095
1.04846394
1.04862106
1.04875898
1.04900002
1.04940903
1.04956198
1.04963398
1.04970002
1.04982996
1.04987001
1.04988003
1.04996300
1.05003297
1.05004001
1.05005503
1.05009997
1.05010998
1.05017102
1.05017400
1.05019295
1.05019999
1.05021501
1.05022204
1.05022299
1.05024004
1.05025005
1.05025101
1.05028200
1.05066395
1.05069494
1.05130196
1.05157304
1.05158699
1.05166698
1.05174398
1.05177104
1.05195403
1.05196095
1.05196202
1.05196702
1.05197406
1.05202699
1.05218899
1.05220199
1.05226302
1.05226505
1.05235100
1.05251801
1.05255103
1.05275095
1.05279899
1.05316103
1.05331695
1.05343199
1.05346596
1.05373096
1.05430102
1.05559897
1.05570900
1.05574405
1.05574405
1.05576599
1.05579495
1.05579603
1.05583203
1.05583799
1.05586004
1.05588198
1.05588305
1.05588996
1.05596495
1.05725503
1.05755103
1.05770802
1.05776894
1.05810905
1.05829704
1.05917203
1.05930805
1.05939698
1.05940902
1.05941200
1.05941200
1.05941296
1.05941296
1.05941498
1.05941498
1.05942500
1.05943501
1.05943501
1.05943596
1.05944300
1.05944395
1.05945396
1.05950499
1.05987501
1.05991805
1.06015503
1.06015599
1.06016600
1.06016695
1.06017005
1.06017303
1.06089199
1.06106806
1.06119096
1.06120503
1.06126904
1.06211805
1.06269205
1.06276703
1.06280005
1.06280506
1.06282496
1.06284702
1.06286800
1.06288195
1.06293297
1.06295896
1.06296206
1.06297100
1.06300199
1.06300604
1.06313097
1.06314194
1.06316602
1.06316698
1.06319296
1.06324005
1.06326497
1.06341505
1.06342101
1.06344295
1.06351304
1.06362700
1.06367004
1.06474900
1.06525004
1.06531703
1.06606495
1.06624901
1.06640899
1.06641495
1.06643200
1.06643999
1.06649995
1.06650603
1.06650901
1.06652498
1.06653500
1.06655395
1.06667495
1.06667900
1.06668305
1.06671500
1.06672895
1.06673098
1.06673098
1.06676197
1.06678903
1.06679499
1.06684005
1.06684196
1.06691206
1.06695199
1.06695604
1.06698895
1.06699002
1.06699598
1.06702399
1.06709301
1.06710601
1.06710994
1.06711197
1.06711197
1.06711304
1.06716394
1.06721199
1.06743002
1.06743205
1.06750405
1.06751096
1.06751204
1.06751299
1.06751800
1.06752300
1.06752598
1.06753004
1.06753194
1.06756198
1.06761098
1.06762397
1.06769896
1.06772101
1.06780005
1.06787801
1.06788397
1.06789398
1.06791794
1.06792903
1.06793296
1.06798005
1.06800604
1.06824303
1.06832099
1.06913805
1.06915402
1.06916296
1.06919205
1.06926203
1.06930995
1.06931102
1.06931496
1.06940198
1.06940699
1.06942296
1.06942296
1.06942403
1.06993997
1.07001603
1.07003498
1.07010603
1.07028699
1.07048595
1.07072604
1.07139301
1.07181096
1.07183099
1.07186699
1.07191706
1.07192695
1.07195604
1.07204902
1.07212698
1.07245004
1.07266700
1.07293499
1.07302904
1.07303095
1.07303202
1.07336998
1.07343102
1.07345903
1.07348204
1.07350099
1.07356501
1.07368505
1.07372999
1.07391906
1.07393801
1.07395601
1.07432997
1.07433903
1.07458901
1.07460594
1.07460701
1.07461798
1.07462204
1.07463205
1.07463300
1.07463598
1.07465804
1.07466304
1.07466400
1.07467604
1.07467794
1.07469296
1.07470405
1.07473004
1.07474196
1.07474995
1.07476103
1.07477796
1.07478499
1.07489502
1.07497501
1.07507896
1.07516801
1.07520294
1.07521403
1.07523298
1.07523894
1.07535994
1.07536101
1.07536602
1.07538199
1.07538199
1.07542396
1.07542396
1.07542706
1.07543099
1.07543302
1.07543802
1.07544100
1.07545102
1.07561100
1.07561898
1.07569301
1.07571495
1.07576799
1.07582605
1.07582605
1.07583404
1.07583499
1.07589102
1.07589197
1.07590199
1.07602298
1.07611895
1.07616305
1.07616699
1.07617199
1.07618201
1.07618403
1.07618403
1.07619202
1.07619202
1.07619202
1.07619905
1.07620001
1.07764900
1.07765496
1.07770801
1.07776201
1.07776999
1.07778299
1.07783699
1.07784200
1.07791102
1.07794797
1.07834601
1.07876003
1.07919800
1.07928705
1.07932699
1.07934999
1.07934999
1.07937503
1.07942200
1.07942605
1.07944298
1.07944798
1.07945001
1.07945704
1.07946301
1.07946503
1.07947099
1.07947195
1.08071697
1.08072901
1.08073997
1.08090401
1.08091199
1.08092403
1.08094096
1.08094501
1.08094704
1.08094800
1.08095098
1.08098996
1.08100200
1.08100796
1.08100903
1.08100998
1.08102202
1.08103502
1.08109999
1.08110297
1.08132398
1.08132505
1.08143401
1.08164704
1.08167505
1.08268595
1.08276200
1.08277297
1.08278096
1.08283997
1.08298802
1.08306503
1.08328700
1.08333802
1.08336496
1.08341897
1.08362603
1.08365798
1.08370495
1.08375895
1.08376396
1.08381701
1.08382404
1.08382595
1.08383203
1.08383703
1.08385599
1.08385801
1.08393800
1.08395100
1.08395195
1.08400500
1.08401203
1.08401704
1.08402002
1.08402205
1.08402896
1.08403397
1.08406901
1.08409703
1.08413303
1.08414197
1.08418405
1.08418500
1.08421397
1.08424604
1.08449197
1.08453095
1.08456302
1.08458602
1.08460903
1.08463705
1.08466494
1.08469701
1.08488798
1.08495498
1.08496404
1.08498394
1.08566296
1.08566296
1.08566701
1.08577895
1.08579695
1.08580601
1.08581901
1.08582103
1.08583295
1.08584595
1.08594096
1.08594298
1.08595598
1.08596301
1.08597004
1.08597398
1.08602202
1.08604503
1.08615303
1.08615398
1.08616495
1.08617604
1.08618605
1.08618903
1.08618903
1.08618903
1.08618903
1.08618903
1.08618903
1.08619905
1.08620000
1.08620000
1.08620000
1.08620095
1.08620203
1.08620298
1.08646202
1.08656704
1.08657503
1.08667803
1.08667803
1.08669305
1.08669901
1.08670497
1.08672798
1.08674705
1.08674705
1.08695698
1.08696198
1.08699095
1.08702099
1.08703804
1.08703804
1.08704197
1.08708799
1.08711803
1.08712494
1.08713496
1.08715999
1.08717704
1.08726394
1.08739996
1.08739996
1.08739996
1.08742201
1.08742499
1.08742702
1.08744395
1.08745396
1.08746004
1.08892703
1.08893001
1.08895898
1.08904195
1.08914304
1.08916700
1.08919001
1.08932197
1.08933306
1.08933997
1.08938599
1.08955002
1.08955395
1.08956504
1.08970797
1.08971405
1.08972502
1.08972800
1.08972895
1.08973002
1.08973205
1.08975697
1.08978105
1.08978200
1.08978200
1.08978295
1.08978903
1.08980000
1.08980405
1.08980405
1.08980596
1.08982205
1.08982205
1.08982801
1.08983099
1.08983099
1.08985806
1.08988202
1.08988202
1.08988202
1.08988297
1.08989096
1.08993602
1.09115100
1.09115601
1.09187698
1.09189701
1.09212303
1.09212399
1.09213102
1.09216595
1.09217596
1.09217703
1.09219205
1.09219503
1.09221303
1.09222400
1.09227097
1.09227395
1.09228301
1.09229505
1.09229803
1.09230399
1.09232402
1.09236896
1.09237194
1.09238195
1.09238505
1.09238601
1.09240794
1.09241796
1.09242499
1.09243095
1.09243298
1.09247005
1.09247601
1.09247804
1.09248698
1.09249198
1.09249496
1.09249794
1.09251106
1.09252203
1.09253597
1.09253597
1.09254003
1.09254098
1.09254599
1.09255695
1.09256303
1.09256303
1.09256601
1.09279203
1.09281898
1.09286201
1.09288895
1.09289098
1.09319198
1.09319198
1.09320104
1.09320796
1.09320796
1.09321105
1.09322202
1.09322596
1.09326303
1.09484899
1.09485698
1.09485996
1.09485996
1.09486198
1.09486401
1.09487605
1.09489298
1.09489703
1.09489703
1.09489703
1.09489703
1.09489906
1.09490097
1.09491396
1.09492302
1.09492397
1.09492397
1.09492397
1.09492505
1.09501803
1.09515095
1.09516299
1.09516895
1.09552300
1.09573305
1.09574497
1.09574497
1.09574604
1.09574795
1.09574902
1.09580898
1.09586298
1.09592998
1.09593105
1.09597099
1.09597099
1.09597802
1.09598398
1.09602702
1.09669602
1.09669697
1.09669805
1.09679198
1.09679496
1.09679699
1.09681594
1.09682298
1.09682906
1.09682906
1.09684706
1.09687102
1.09687603
1.09688199
1.09697700
1.09701896
1.09701896
1.09701896
1.09703100
1.09705198
1.09712195
1.09713602
1.09713602
1.09713900
1.09713995
1.09714496
1.09718800
1.09720004
1.09720004
1.09720004
1.09720004
1.09724998
1.09753299
1.09791899
1.09802401
1.09818006
1.09818602
1.09819996
1.09823596
1.09823704
1.09824598
1.09903598
1.09907401
1.09907806
1.09909499
1.09909594
1.09909594
1.09910500
1.09910500
1.09910905
1.09911895
1.09912097
1.09913194
1.09913301
1.09913301
1.09913898
1.09914601
1.09917796
1.09917998
1.09950197
1.09951794
1.09953797
1.09955502
1.09962404
1.09981298
1.09999096
1.10000002
1.10000801
1.10003901
1.10011005
1.10011196
1.10011196
1.10012305
1.10012698
1.10017800
1.10021603
1.10034895
1.10035598
1.10035706
1.10039902
1.10042202
1.10048103
1.10052097
1.10052395
1.10052705
1.10071898
1.10112095
1.10120904
1.10121799
1.10122395
1.10123301
1.10125196
1.10125697
1.10126400
1.10131800
1.10135901
1.10135996
1.10135996
1.10137999
1.10146201
1.10302305
1.10310304
1.10311604
1.10311902
1.10312295
1.10314703
1.10324895
1.10355699
1.10362697
1.10365903
1.10370195
1.10373199
1.10376894
1.10380006
1.10380602
1.10380602
1.10383403
1.10387194
1.10392404
1.10395598
1.10395706
1.10396397
1.10397995
1.10397995
1.10398495
1.10399306
1.10404098
1.10404694
1.10405898
1.10407603
1.10408795
1.10408795
1.10411096
1.10420597
1.10422802
1.10425603
1.10434306
1.10434604
1.10434902
1.10436404
1.10443294
1.10443497
1.10443795
1.10460401
1.10462296
1.10465598
1.10471201
1.10474002
1.10477400
1.10484505
1.10487700
1.10487795
1.10497797
1.10500300
1.10503101
1.10503495
1.10510600
1.10511005
1.10512698
1.10515499
1.10543597
1.10691404
1.10697305
1.10702097
1.10702395
1.10711300
1.10713196
1.10719502
1.10723603
1.10724199
1.10724401
1.10725498
1.10726297
1.10728598
1.10729599
1.10730195
1.10730398
1.10730505
1.10733604
1.10734403
1.10735404
1.10744905
1.10748696
1.10749197
1.10749400
1.10749400
1.10751104
1.10751700
1.10752904
1.10753000
1.10854304
1.10888803
1.10909796
1.10923195
1.10928500
1.10930502
1.10950303
1.10953498
1.10953999
1.10954404
1.10959005
1.10962403
1.10970700
1.10998702
1.11036503
1.11037505
1.11040699
1.11050999
1.11053896
1.11059999
1.11060405
1.11061895
1.11072600
1.11073101
1.11074805
1.11074805
1.11075497
1.11076701
1.11079204
1.11079395
1.11079597
1.11082602
1.11135495
1.11162496
1.11231995
1.11262703
1.11274099
1.11287296
1.11288095
1.11310506
1.11313105
1.11315203
1.11317301
1.11317599
1.11319900
1.11329401
1.11355603
1.11411798
1.11449599
1.11449897
1.11451805
1.11494100
1.11513495
1.11537898
1.11540198
1.11542499
1.11548603
1.11552596
1.11553299
1.11562002
1.11577106
1.11723304
1.11734605
1.11734700
1.11736298
1.11737096
1.11737502
1.11740696
1.11742604
1.11742795
1.11746299
1.11746597
1.11749494
1.11811495
1.11817098
1.11829996
1.11831498
1.11833704
1.11834800
1.11835003
1.11838806
1.11839604
1.11881196
1.11882997
1.11883402
1.11883998
1.11886001
1.11886501
1.11886895
1.11887205
1.11888802
1.11889005
1.11889505
1.11891496
1.11965299
1.12018597
1.12036896
1.12048900
1.12050498
1.12050605
1.12050796
1.12054205
1.12081599
1.12128603
1.12145400
1.12165403
1.12167001
1.12167597
1.12169504
1.12186098
1.12192595
1.12210798
1.12216902
1.12218404
1.12219000
1.12220299
1.12221599
1.12224197
1.12231100
1.12248504
1.12249303
1.12254000
1.12257397
1.12257802
1.12258995
1.12261498
1.12263405
1.12269199
1.12276900
1.12330997
1.12333703
1.12339497
1.12342596
1.12350702
1.12426496
1.12426901
1.12427795
1.12427998
1.12428105
1.12429702
1.12432206
1.12432396
1.12432504
1.12435496
1.12436199
1.12441397
1.12442005
1.12442303
1.12442601
1.12448299
1.12453496
1.12455106
1.12458098
1.12458301
1.12459898
1.12460101
1.12463796
1.12464094
1.12466800
1.12467206
1.12484205
1.12501299
1.12508905
1.12515903
1.12519896
1.12520003
1.12520504
1.12528801
1.12528896
1.12529397
1.12530804
1.12531304
1.12534702
1.12535501
1.12536001
1.12536204
1.12542498
1.12554598
1.12566495
1.12569201
1.12572706
1.12574506
1.12577796
1.12612605
1.12624705
1.12660599
1.12661397
1.12661898
1.12662494
1.12741005
1.12746894
1.12750900
1.12830198
1.12857604
1.12911403
1.12912703
1.12913203
1.12932396
1.12933195
1.12939799
1.12943196
1.12946796
1.12952197
1.12961602
1.12961805
1.12962902
1.12963402
1.12963402
1.12963700
1.12963796
1.12964499
1.12973595
1.12974405
1.12995505
1.13005602
1.13095903
1.13113296
1.13159704
1.13162398
1.13172102
1.13173103
1.13177395
1.13185406
1.13195002
1.13197803
1.13199496
1.13200295
1.13200402
1.13209903
1.13209999
1.13212502
1.13218796
1.13222301
1.13222396
1.13226295
1.13226902
1.13227403
1.13227403
1.13227797
1.13231099
1.13237095
1.13238096
1.13256896
1.13265002
1.13265002
1.13268304
1.13270998
1.13275194
1.13275301
1.13360298
1.13368702
1.13412404
1.13421905
1.13461304
1.13461494
1.13465297
1.13468504
1.13469803
1.13507199
1.13515997
1.13540804
1.13633394
1.13666105
1.13696802
1.13697696
1.13698995
1.13700700
1.13701403
1.13705099
1.13707495
1.13709605
1.13709700
1.13709903
1.13709998
1.13710296
1.13710701
1.13712394
1.13715804
1.13721299
1.13721895
1.13724601
1.13725102
1.13835299
1.13846695
1.13846898
1.13847005
1.13900399
1.13905096
1.13906395
1.13907003
1.13907194
1.13908505
1.13911104
1.13911903
1.13912404
1.13913703
1.13914299
1.13916600
1.13918304
1.13919306
1.13919699
1.13919902
1.13920903
1.13920903
1.13923800
1.13923800
1.13924503
1.13926101
1.13927901
1.13928294
1.13928604
1.13928795
1.13931000
1.13931406
1.13931501
1.13932502
1.13934004
1.13934100
1.13934195
1.13943005
1.13943601
1.13944697
1.13944697
1.13945699
1.13945997
1.13946295
1.13947201
1.13947797
1.13948905
1.13955605
1.14014006
1.14029098
1.14029098
1.14032805
1.14034104
1.14036000
1.14037704
1.14046597
1.14090705
1.14136803
1.14156997
1.14157403
1.14161503
1.14163601
1.14171803
1.14174604
1.14177203
1.14183104
1.14190197
1.14196897
1.14213896
1.14235198
1.14236701
1.14237297
1.14237404
1.14243197
1.14253294
1.14253604
1.14256096
1.14258504
1.14258695
1.14263296
1.14263904
1.14270496
1.14272201
1.14272499
1.14277899
1.14284098
1.14315200
1.14389598
1.14389598
1.14392996
1.14394295
1.14394295
1.14394999
1.14395106
1.14395499
1.14397299
1.14399302
1.14401603
1.14404404
1.14406097
1.14406395
1.14407206
1.14407694
1.14408398
1.14409697
1.14414501
1.14415503
1.14416504
1.14420295
1.14425004
1.14427900
1.14427900
1.14430106
1.14430404
1.14431596
1.14433897
1.14434195
1.14434302
1.14441800
1.14442801
1.14443600
1.14448202
1.14448404
1.14449894
1.14452398
1.14452398
1.14453804
1.14453900
1.14453900
1.14454997
1.14455199
1.14455605
1.14456904
1.14459002
1.14461100
1.14462399
1.14463401
1.14464498
1.14464998
1.14468205
1.14468205
1.14468503
1.14470303
1.14472198
1.14480901
1.14481294
1.14603400
1.14635003
1.14669502
1.14694297
1.14696205
1.14697897
1.14697897
1.14699399
1.14700401
1.14704394
1.14705396
1.14705896
1.14708400
1.14798498
1.14799798
1.14812803
1.14813602
1.14813602
1.14816105
1.14821005
1.14821994
1.14823699
1.14824903
1.14825702
1.14832199
1.14833105
1.14835703
1.14841604
1.14879000
1.14886403
1.14904594
1.14904702
1.14905798
1.14906394
1.14908695
1.14909399
1.14910102
1.14910102
1.14910102
1.14910102
1.14910197
1.14910197
1.14910197
1.14936805
1.14937103
1.14947498
1.14947605
1.14973605
1.14998901
1.15008903
1.15010405
1.15074599
1.15082598
1.15093005
1.15093505
1.15096104
1.15271294
1.15280998
1.15281403
1.15300798
1.15302300
1.15304196
1.15310001
1.15343499
1.15344405
1.15358400
1.15371501
1.15394795
1.15464306
1.15467703
1.15473998
1.15475094
1.15478396
1.15482903
1.15484703
1.15486300
1.15487802
1.15488899
1.15496504
1.15496695
1.15497601
1.15500903
1.15508997
1.15520501
1.15523696
1.15543199
1.15608096
1.15677500
1.15683901
1.15689898
1.15690005
1.15690398
1.15691102
1.15693998
1.15698195
1.15699506
1.15702701
1.15704799
1.15704894
1.15705204
1.15705502
1.15738201
1.15762901
1.15763497
1.15763605
1.15765297
1.15770304
1.15776396
1.15780199
1.15835094
1.15908301
1.15932095
1.15934801
1.15944004
1.15963495
1.15968299
1.15970004
1.15971100
1.15972900
1.15973496
1.15983903
1.15983903
1.15983903
1.15983999
1.15988302
1.16003096
1.16020596
1.16065598
1.16094398
1.16094506
1.16098297
1.16100001
1.16101301
1.16102898
1.16141999
1.16141999
1.16142201
1.16143203
1.16144705
1.16144896
1.16148603
1.16149700
1.16151798
1.16152406
1.16173804
1.16191900
1.16200304
1.16200697
1.16200900
1.16201401
1.16201794
1.16202199
1.16207504
1.16210306
1.16218197
1.16221499
1.16222405
1.16222501
1.16222596
1.16222596
1.16226602
1.16244102
1.16251302
1.16272295
1.16275799
1.16316497
1.16357505
1.16370296
1.16375303
1.16376495
1.16401601
1.16426003
1.16429901
1.16539705
1.16590595
1.16590798
1.16592801
1.16598105
1.16611600
1.16689003
1.16869605
1.16872203
1.16879594
1.16887295
1.16895700
1.16906703
1.16906905
1.16918695
1.16918898
1.16922402
1.16928506
1.17024899
1.17116499
1.17165697
1.17187500
1.17190099
1.17191994
1.17191994
1.17200196
1.17200398
1.17202306
1.17202997
1.17220402
1.17220402
1.17221498
1.17221999
1.17221999
1.17222404
1.17222404
1.17222595
1.17223096
1.17223203
1.17223299
1.17225695
1.17225802
1.17226398
1.17227399
1.17232001
1.17232394
1.17233801
1.17234099
1.17234099
1.17234194
1.17234302
1.17235100
1.17236197
1.17236495
1.17236996
1.17237401
1.17237699
1.17238200
1.17238402
1.17238498
1.17240405
1.17240703
1.17245901
1.17246199
1.17247105
1.17251694
1.17253494
1.17254496
1.17254806
1.17254901
1.17255700
1.17255795
1.17255902
1.17257404
1.17257702
1.17258000
1.17273200
1.17296696
1.17323804
1.17342198
1.17343199
1.17343795
1.17344201
1.17345500
1.17346001
1.17348194
1.17348397
1.17354202
1.17358601
1.17365694
1.17379797
1.17428994
1.17431295
1.17432499
1.17435098
1.17439306
1.17439497
1.17443204
1.17455995
1.17458999
1.17467999
1.17472601
1.17478096
1.17483997
1.17484105
1.17485797
1.17489696
1.17494202
1.17528296
1.17561698
1.17569900
1.17570198
1.17585897
1.17595196
1.17605400
1.17606294
1.17611504
1.17618096
1.17637706
1.17638004
1.17639506
1.17640102
1.17640197
1.17641306
1.17641497
1.17677498
1.17686200
1.17691803
1.17694294
1.17701995
1.17702305
1.17703199
1.17703497
1.17707396
1.17708600
1.17708802
1.17717600
1.17721903
1.17723703
1.17731702
1.17732501
1.17735696
1.17737198
1.17749405
1.17749703
1.17752504
1.17754805
1.17755103
1.17755198
1.17868698
1.17884803
1.17892897
1.17895496
1.17902005
1.17932498
1.17935896
1.17942297
1.17949700
1.17956603
1.17956996
1.17957401
1.18020904
1.18022203
1.18027198
1.18033397
1.18047297
1.18048704
1.18056500
1.18057704
1.18058097
1.18058205
1.18061996
1.18071902
1.18112099
1.18127000
1.18132806
1.18135405
1.18138897
1.18214798
1.18226004
1.18295503
1.18336797
1.18341196
1.18342400
1.18343306
1.18344104
1.18352103
1.18352306
1.18357003
1.18360400
1.18360400
1.18361902
1.18363798
1.18365002
1.18365502
1.18370199
1.18373895
1.18373895
1.18376601
1.18381596
1.18383801
1.18415499
1.18416905
1.18418097
1.18418300
1.18425703
1.18469095
1.18470204
1.18546295
1.18550098
1.18565702
1.18674004
1.18741095
1.18750799
1.18755198
1.18770099
1.18792701
1.18835497
1.18905306
1.18911600
1.18915105
1.18915606
1.18917596
1.18918395
1.18918502
1.19006503
1.19061601
1.19072294
1.19073904
1.19074905
1.19084406
1.19087994
1.19095302
1.19128394
1.19140899
1.19186699
1.19201899
1.19205594
1.19207704
1.19213295
1.19224596
1.19226396
1.19226599
1.19252598
1.19253600
1.19256306
1.19258296
1.19267201
1.19270098
1.19274402
1.19274998
1.19274998
1.19275105
1.19275498
1.19275606
1.19275606
1.19275606
1.19278300
1.19281995
1.19282806
1.19285202
1.19286597
1.19289005
1.19289804
1.19292903
1.19293702
1.19294202
1.19429505
1.19430304
1.19431198
1.19431806
1.19432795
1.19436705
1.19437003
1.19437599
1.19442797
1.19448602
1.19456005
1.19456303
1.19461501
1.19468796
1.19471896
1.19475603
1.19487298
1.19502795
1.19519401
1.19570100
1.19572604
1.19584596
1.19592905
1.19609797
1.19628501
1.19652104
1.19658995
1.19661498
1.19661605
1.19662905
1.19663000
1.19664896
1.19665205
1.19667101
1.19668400
1.19670904
1.19671500
1.19671798
1.19672000
1.19672096
1.19672203
1.19672406
1.19674504
1.19674599
1.19679701
1.19680595
1.19688702
1.19702899
1.19703305
1.19706500
1.19706702
1.19708705
1.19709098
1.19709206
1.19710195
1.19710898
1.19713199
1.19713604
1.19719398
1.19724500
1.19726706
1.19734204
1.19739997
1.19742405
1.19742596
1.19743204
1.19749999
1.19830298
1.19839299
1.19845796
1.19846594
1.19855595
1.19870102
1.19880104
1.19924200
1.19925702
1.19926000
1.19928098
1.19930995
1.19984198
1.20037198
1.20164204
1.20165801
1.20166397
1.20167398
1.20179796
1.20183599
1.20205104
1.20205200
1.20208704
1.20209301
1.20243394
1.20244896
1.20246804
1.20248795
1.20251000
1.20251906
1.20252597
1.20254600
1.20255101
1.20258904
1.20259404
1.20260203
1.20263600
1.20273495
1.20273900
1.20275795
1.20275998
1.20276594
1.20277798
1.20279598
1.20281303
1.20644104
1.20645201
1.20684302
1.21919799
1.22000802
1.22108805
1.22177196
1.22220504
1.22232997
1.22250295
1.22290397
1.22363198
1.22366703
1.22440195
1.22444105
1.22448206
1.22450399
1.22451603
1.22466803
1.22523701
1.22527003
1.22527099
1.22532797
1.22534502
1.22536600
1.22542000
1.22663999
1.22665501
1.22668803
1.22677696
1.22684300
1.22685206
1.22687197
1.22688103
1.22688103
1.22688997
1.22689998
1.22690201
1.22691298
1.22716200
1.22725201
1.22746599
1.22757494
1.22758305
1.22760797
1.22763002
1.22780299
1.22784698
1.22785902
1.22786796
1.22786999
1.22794104
1.22876799
1.22943699
1.22945595
1.22945702
1.22949004
1.22950399
1.22954404
1.22954404
1.22959006
1.22960496
1.22977102
1.22977197
1.22979403
1.22980797
1.22984695
1.22989202
1.22989798
1.22990406
1.22991002
1.23095500
1.23097897
1.23104095
1.23120797
1.23163402
1.23172605
1.23184097
1.23185396
1.23191905
1.23196495
1.23209000
1.23245597
1.23280203
1.23282099
1.23287296
1.23287594
1.23287702
1.23292804
1.23312604
1.23373306
1.23409605
1.23424196
1.23465002
1.23556197
1.23556995
1.23563194
1.23580205
1.23605800
1.23615503
1.23622000
1.23624802
1.23627806
1.23629403
1.23629403
1.23629904
1.23630702
1.23631096
1.23632503
1.23644900
1.23646104
1.23646200
1.23647106
1.23648202
1.23652601
1.23652697
1.23653698
1.23654497
1.23654604
1.23654604
1.23667097
1.23669505
1.23670197
1.23675299
1.23676205
1.23676503
1.23678005
1.23685598
1.23692405
1.23693800
1.23696196
1.23698997
1.23703599
1.23704398
1.23707998
1.23708606
1.23729205
1.23729300
1.23731005
1.23733306
1.23734498
1.23792303
1.23794901
1.23795605
1.23795795
1.23796499
1.23799598
1.23815703
1.23819995
1.23821604
1.23822105
1.23822606
1.23824596
1.23825896
1.23826802
1.23923600
1.23961699
1.23974097
1.23974597
1.23979497
1.23983097
1.23991096
1.23994994
1.24031997
1.24033105
1.24033701
1.24035001
1.24143696
1.24143898
1.24151194
1.24151194
1.24156904
1.24157202
1.24158204
1.24158704
1.24160099
1.24161398
1.24162602
1.24163902
1.24168098
1.24168396
1.24169397
1.24170303
1.24170995
1.24172103
1.24172902
1.24176097
1.24182904
1.24189901
1.24193799
1.24206305
1.24208403
1.24210000
1.24211705
1.24236405
1.24238205
1.24247003
1.24283600
1.24358404
1.24421299
1.24422896
1.24425006
1.24425995
1.24430001
1.24430299
1.24431705
1.24433005
1.24453199
1.24458098
1.24461901
1.24463403
1.24466598
1.24466801
1.24467802
1.24474204
1.24483395
1.24501598
1.24504697
1.24505198
1.24505198
1.24505198
1.24505198
1.24505305
1.24506104
1.24506199
1.24506199
1.24506795
1.24507904
1.24507904
1.24508202
1.24508202
1.24509096
1.24509299
1.24509299
1.24509394
1.24511099
1.24511504
1.24511802
1.24511802
1.24513102
1.24514401
1.24516594
1.24516702
1.24516797
1.24517095
1.24517906
1.24520195
1.24520195
1.24521196
1.24523699
1.24526298
1.24532104
1.24532604
1.24534297
1.24534905
1.24535501
1.24537802
1.24541402
1.24541605
1.24542296
1.24543202
1.24543905
1.24544501
1.24544597
1.24544895
1.24545503
1.24545896
1.24546003
1.24546099
1.24547398
1.24547994
1.24548101
1.24550402
1.24551404
1.24551404
1.24551499
1.24551594
1.24551797
1.24551904
1.24552000
1.24552798
1.24552798
1.24552906
1.24552906
1.24553204
1.24553502
1.24554300
1.24554396
1.24555004
1.24555004
1.24555004
1.24555004
1.24555397
1.24556601
1.24556696
1.24556696
1.24557197
1.24558794
1.24559605
1.24562001
1.24567997
1.24611402
1.24612606
1.24612606
1.24612606
1.24612606
1.24700904
1.24731302
1.24735498
1.24735796
1.24736297
1.24736702
1.24738097
1.24738300
1.24738395
1.24739206
1.24739301
1.24740005
1.24740505
1.24751401
1.24771202
1.24778605
1.24779701
1.24779904
1.24783802
1.24817204
1.24818206
1.24967897
1.24968696
1.24969304
1.24970102
1.24970603
1.24971402
1.24972498
1.24976099
1.24977601
1.24980402
1.24980998
1.24981403
1.24981499
1.24985504
1.24986196
1.25027800
1.25028002
1.25031304
1.25031602
1.25032401
1.25032496
1.25032794
1.25033903
1.25034201
1.25034702
1.25034797
1.25034797
1.25035095
1.25035298
1.25035405
1.25036001
1.25036097
1.25036299
1.25039196
1.25039303
1.25049198
1.25052500
1.25054801
1.25054896
1.25057697
1.25063705
1.25064194
1.25067699
1.25070906
1.25071001
1.25071001
1.25072396
1.25072801
1.25074995
1.25075698
1.25076997
1.25082695
1.25083899
1.25084305
1.25087798
1.25088096
1.25092399
1.25093198
1.25093305
1.25095701
1.25103402
1.25109398
1.25111496
1.25112700
1.25150597
1.25178695
1.25208104
1.25267196
1.25271499
1.25302696
1.25311196
1.25312901
1.25313199
1.25315297
1.25315797
1.25320196
1.25322902
1.25327301
1.25333905
1.25355196
1.25356305
1.25356400
1.25358903
1.25383699
1.25425303
1.25427198
1.25427401
1.25427699
1.25429404
1.25430405
1.25432801
1.25434196
1.25435698
1.25460994
1.25476599
1.25484598
1.25485504
1.25504398
1.25504506
1.25511301
1.25516200
1.25517297
1.25518894
1.25533903
1.25537598
1.25537598
1.25553000
1.25565004
1.25565195
1.25565398
1.25567198
1.25573397
1.25582898
1.25584698
1.25587904
1.25588799
1.25596499
1.25597405
1.25606203
1.25609899
1.25615799
1.25620699
1.25622296
1.25622499
1.25622702
1.25622797
1.25623906
1.25624299
1.25624502
1.25624704
1.25624800
1.25625706
1.25629103
1.25630295
1.25630903
1.25630903
1.25631797
1.25632000
1.25632703
1.25633895
1.25659895
1.25667095
1.25667298
1.25668895
1.25670302
1.25670397
1.25671506
1.25673294
1.25676501
1.25677299
1.25678098
1.25679195
1.25699699
1.25720799
1.25853097
1.25853801
1.25860500
1.25878894
1.25894904
1.25895202
1.25895596
1.25899601
1.25910103
1.25937402
1.25959504
1.26048398
1.26050997
1.26051402
1.26051998
1.26067603
1.26070595
1.26071894
1.26072097
1.26073098
1.26073897
1.26075995
1.26076305
1.26077497
1.26078904
1.26081705
1.26082897
1.26083899
1.26084399
1.26086199
1.26161098
1.26161098
1.26164401
1.26203299
1.26206005
1.26206601
1.26206803
1.26207304
1.26219106
1.26219499
1.26220000
1.26220000
1.26221204
1.26221204
1.26221299
1.26221395
1.26221395
1.26221597
1.26222599
1.26223302
1.26223505
1.26224506
1.26224506
1.26224697
1.26241302
1.26244104
1.26245403
1.26246798
1.26247501
1.26249504
1.26249695
1.26249695
1.26250803
1.26250899
1.26251602
1.26252198
1.26252496
1.26253200
1.26254201
1.26254201
1.26254404
1.26254797
1.26259005
1.26370502
1.26371002
1.26700902
1.26701295
1.26739502
1.26740694
1.26741695
1.26761496
1.26768601
1.26780200
1.26818299
1.26848495
1.26858795
1.26923299
1.26939201
1.27018094
1.27023005
1.27025497
1.27026296
1.27033901
1.27044594
1.27046096
1.27048898
1.27057505
1.27057600
1.27060699
1.27066302
1.27068496
1.27068901
1.27071202
1.27074897
1.27078903
1.27078998
1.27141201
1.27148902
1.27217901
1.27250099
1.27295101
1.27297699
1.27297699
1.27297795
1.27297795
1.27298295
1.27298498
1.27298498
1.27298498
1.27298498
1.27298498
1.27298999
1.27298999
1.27298999
1.27299595
1.27299595
1.27300704
1.27300704
1.27300704
1.27301204
1.27308500
1.27311301
1.27313697
1.27316701
1.27318203
1.27333200
1.27387702
1.27405405
1.27406502
1.27406502
1.27407801
1.27419102
1.27421999
1.27556002
1.27560496
1.27561498
1.27561796
1.27563298
1.27563298
1.27564001
1.27564502
1.27565098
1.27567995
1.27569497
1.27571201
1.27571702
1.27574003
1.27574694
1.27624297
1.27624905
1.27637100
1.27638602
1.27639699
1.27641797
1.27642906
1.27644503
1.27651095
1.27651405
1.27657199
1.27657604
1.27659905
1.27664995
1.27665401
1.27765799
1.27854204
1.27855396
1.27855504
1.27855694
1.27856505
1.27858698
1.27859497
1.27859902
1.27859902
1.27859902
1.27860105
1.27860105
1.27860606
1.27860606
1.27860904
1.27860999
1.27885699
1.27925801
1.28012097
1.28012598
1.28014195
1.28030396
1.28032196
1.28034794
1.28038204
1.28038502
1.28038800
1.28039205
1.28042400
1.28043199
1.28043497
1.28044605
1.28045905
1.28047395
1.28058398
1.28060603
1.28060603
1.28068495
1.28069401
1.28162897
1.28164995
1.28174198
1.28178298
1.28188002
1.28191400
1.28191602
1.28191805
1.28193903
1.28203297
1.28204703
1.28213406
1.28213596
1.28223205
1.28224301
1.28224397
1.28224504
1.28225696
1.28225803
1.28226101
1.28226399
1.28228295
1.28228402
1.28230095
1.28233695
1.28233802
1.28233802
1.28233802
1.28234100
1.28235102
1.28239000
1.28239703
1.28239799
1.28239906
1.28240097
1.28240705
1.28240705
1.28240705
1.28240895
1.28241098
1.28241801
1.28242099
1.28242195
1.28242195
1.28242695
1.28243196
1.28243995
1.28245199
1.28245199
1.28245497
1.28245699
1.28246403
1.28246605
1.28246903
1.28246903
1.28247404
1.28248501
1.28248703
1.28252697
1.28253496
1.28254497
1.28254795
1.28254998
1.28256905
1.28259397
1.28260195
1.28260505
1.28261399
1.28261602
1.28262305
1.28263605
1.28263605
1.28264999
1.28267097
1.28269303
1.28275597
1.28289294
1.28289700
1.28304803
1.28324294
1.28332806
1.28335202
1.28335905
1.28338099
1.28338802
1.28340602
1.28350902
1.28357601
1.28358495
1.28362894
1.28386199
1.28387904
1.28393495
1.28393602
1.28393900
1.28397095
1.28400505
1.28401506
1.28407896
1.28408504
1.28409600
1.28409898
1.28412199
1.28427505
1.28430700
1.28435802
1.28446698
1.28447199
1.28456104
1.28457105
1.28473794
